#### The Mind ####
	number_of_players: 2
	deck_size: 4
	number_of_games: 500000
	setting_state: 3

	~player 0table size: 48
	~player 1table size: 54
	number_of_wins: 351470
	number_of_losses: 148530
	number_of_learning_wins: 164
	num_of_correct: 702940
	num_of_wrong: 148530
	num_of_out: 148530

	avg_number_of_wins_in_100: [66.0, 69.0, 72.0, 65.0, 64.0, 63.0, 62.0, 73.0, 68.0, 69.0, 75.0, 69.0, 67.0, 61.0, 72.0, 68.0, 82.0, 65.0, 68.0, 68.0, 75.0, 68.0, 71.0, 75.0, 69.0, 80.0, 70.0, 74.0, 71.0, 69.0, 67.0, 65.0, 72.0, 64.0, 70.0, 61.0, 81.0, 64.0, 74.0, 67.0, 72.0, 67.0, 63.0, 72.0, 74.0, 73.0, 67.0, 69.0, 67.0, 72.0, 68.0, 77.0, 58.0, 74.0, 72.0, 71.0, 69.0, 70.0, 63.0, 64.0, 67.0, 69.0, 60.0, 70.0, 69.0, 72.0, 71.0, 73.0, 71.0, 68.0, 71.0, 72.0, 79.0, 68.0, 72.0, 71.0, 70.0, 69.0, 60.0, 71.0, 69.0, 57.0, 68.0, 73.0, 77.0, 74.0, 75.0, 69.0, 65.0, 69.0, 73.0, 72.0, 63.0, 69.0, 72.0, 73.0, 68.0, 73.0, 70.0, 73.0, 68.0, 77.0, 72.0, 62.0, 72.0, 77.0, 75.0, 72.0, 76.0, 71.0, 79.0, 78.0, 69.0, 75.0, 64.0, 69.0, 68.0, 70.0, 71.0, 72.0, 72.0, 71.0, 69.0, 67.0, 75.0, 71.0, 74.0, 65.0, 65.0, 65.0, 65.0, 66.0, 66.0, 77.0, 72.0, 77.0, 73.0, 67.0, 70.0, 72.0, 75.0, 70.0, 71.0, 80.0, 67.0, 63.0, 65.0, 75.0, 73.0, 70.0, 73.0, 79.0, 72.0, 68.0, 71.0, 77.0, 71.0, 78.0, 80.0, 81.0, 67.0, 70.0, 69.0, 79.0, 68.0, 73.0, 60.0, 66.0, 77.0, 71.0, 69.0, 70.0, 62.0, 60.0, 65.0, 74.0, 69.0, 69.0, 71.0, 71.0, 71.0, 73.0, 70.0, 68.0, 75.0, 70.0, 70.0, 70.0, 73.0, 72.0, 67.0, 58.0, 66.0, 79.0, 70.0, 72.0, 84.0, 75.0, 70.0, 74.0, 79.0, 76.0, 80.0, 67.0, 71.0, 73.0, 64.0, 70.0, 65.0, 65.0, 70.0, 78.0, 74.0, 71.0, 68.0, 70.0, 71.0, 74.0, 69.0, 74.0, 74.0, 66.0, 72.0, 76.0, 72.0, 69.0, 64.0, 74.0, 64.0, 60.0, 59.0, 66.0, 70.0, 69.0, 60.0, 70.0, 68.0, 73.0, 73.0, 64.0, 79.0, 78.0, 68.0, 74.0, 70.0, 70.0, 80.0, 62.0, 69.0, 69.0, 68.0, 78.0, 77.0, 72.0, 68.0, 75.0, 74.0, 72.0, 75.0, 67.0, 73.0, 62.0, 74.0, 67.0, 73.0, 69.0, 78.0, 66.0, 69.0, 64.0, 73.0, 66.0, 67.0, 64.0, 67.0, 66.0, 68.0, 64.0, 72.0, 71.0, 69.0, 69.0, 71.0, 68.0, 68.0, 70.0, 68.0, 71.0, 65.0, 72.0, 66.0, 70.0, 66.0, 61.0, 69.0, 67.0, 66.0, 75.0, 77.0, 76.0, 74.0, 67.0, 68.0, 59.0, 77.0, 65.0, 65.0, 65.0, 68.0, 74.0, 77.0, 64.0, 66.0, 65.0, 67.0, 65.0, 69.0, 70.0, 72.0, 70.0, 74.0, 66.0, 74.0, 69.0, 72.0, 77.0, 70.0, 72.0, 70.0, 68.0, 74.0, 70.0, 64.0, 75.0, 68.0, 74.0, 65.0, 73.0, 72.0, 74.0, 69.0, 72.0, 68.0, 73.0, 82.0, 69.0, 73.0, 69.0, 76.0, 72.0, 75.0, 74.0, 71.0, 74.0, 78.0, 68.0, 67.0, 75.0, 68.0, 77.0, 66.0, 62.0, 75.0, 73.0, 70.0, 74.0, 75.0, 76.0, 66.0, 65.0, 76.0, 68.0, 76.0, 70.0, 75.0, 69.0, 75.0, 68.0, 70.0, 75.0, 68.0, 69.0, 72.0, 71.0, 73.0, 71.0, 76.0, 67.0, 72.0, 77.0, 70.0, 72.0, 64.0, 63.0, 65.0, 67.0, 71.0, 70.0, 76.0, 65.0, 78.0, 68.0, 70.0, 67.0, 69.0, 79.0, 74.0, 74.0, 70.0, 74.0, 64.0, 72.0, 58.0, 72.0, 73.0, 64.0, 73.0, 71.0, 67.0, 69.0, 74.0, 68.0, 60.0, 66.0, 74.0, 73.0, 67.0, 76.0, 76.0, 74.0, 74.0, 72.0, 70.0, 75.0, 73.0, 68.0, 78.0, 75.0, 73.0, 68.0, 73.0, 75.0, 70.0, 70.0, 79.0, 80.0, 66.0, 70.0, 71.0, 67.0, 69.0, 67.0, 63.0, 74.0, 66.0, 76.0, 67.0, 73.0, 72.0, 73.0, 63.0, 77.0, 70.0, 69.0, 59.0, 79.0, 69.0, 68.0, 64.0, 76.0, 71.0, 73.0, 70.0, 69.0, 78.0, 73.0, 69.0, 69.0, 75.0, 66.0, 69.0, 71.0, 70.0, 68.0, 63.0, 72.0, 69.0, 74.0, 66.0, 68.0, 62.0, 67.0, 73.0, 71.0, 69.0, 63.0, 62.0, 62.0, 71.0, 63.0, 69.0, 76.0, 67.0, 71.0, 76.0, 77.0, 65.0, 68.0, 74.0, 73.0, 75.0, 69.0, 78.0, 68.0, 77.0, 69.0, 73.0, 66.0, 71.0, 74.0, 71.0, 72.0, 73.0, 70.0, 78.0, 73.0, 69.0, 70.0, 72.0, 75.0, 74.0, 71.0, 67.0, 79.0, 67.0, 75.0, 75.0, 77.0, 74.0, 77.0, 77.0, 76.0, 70.0, 72.0, 75.0, 72.0, 64.0, 60.0, 78.0, 71.0, 75.0, 68.0, 72.0, 71.0, 67.0, 74.0, 59.0, 57.0, 75.0, 70.0, 75.0, 68.0, 70.0, 67.0, 67.0, 74.0, 68.0, 73.0, 67.0, 68.0, 66.0, 71.0, 67.0, 68.0, 78.0, 68.0, 67.0, 66.0, 78.0, 64.0, 70.0, 79.0, 68.0, 65.0, 67.0, 68.0, 67.0, 71.0, 70.0, 68.0, 72.0, 75.0, 70.0, 76.0, 65.0, 71.0, 65.0, 70.0, 71.0, 71.0, 63.0, 72.0, 68.0, 73.0, 65.0, 63.0, 79.0, 71.0, 66.0, 70.0, 67.0, 74.0, 65.0, 71.0, 63.0, 77.0, 65.0, 73.0, 73.0, 70.0, 61.0, 71.0, 64.0, 65.0, 67.0, 65.0, 66.0, 66.0, 73.0, 71.0, 70.0, 72.0, 78.0, 70.0, 78.0, 57.0, 64.0, 70.0, 69.0, 62.0, 79.0, 73.0, 71.0, 74.0, 73.0, 76.0, 75.0, 68.0, 70.0, 62.0, 66.0, 63.0, 62.0, 71.0, 71.0, 76.0, 73.0, 69.0, 68.0, 72.0, 74.0, 76.0, 69.0, 66.0, 73.0, 68.0, 76.0, 75.0, 76.0, 76.0, 68.0, 68.0, 63.0, 72.0, 71.0, 77.0, 71.0, 70.0, 72.0, 73.0, 69.0, 66.0, 68.0, 65.0, 67.0, 74.0, 69.0, 64.0, 73.0, 73.0, 70.0, 64.0, 69.0, 67.0, 66.0, 71.0, 76.0, 68.0, 72.0, 66.0, 63.0, 65.0, 64.0, 69.0, 66.0, 69.0, 66.0, 71.0, 72.0, 68.0, 68.0, 69.0, 71.0, 71.0, 76.0, 74.0, 73.0, 75.0, 74.0, 69.0, 64.0, 80.0, 66.0, 72.0, 67.0, 66.0, 68.0, 66.0, 71.0, 66.0, 67.0, 78.0, 68.0, 65.0, 71.0, 60.0, 70.0, 77.0, 75.0, 70.0, 73.0, 72.0, 67.0, 77.0, 71.0, 73.0, 65.0, 71.0, 70.0, 72.0, 75.0, 74.0, 69.0, 72.0, 75.0, 65.0, 72.0, 71.0, 77.0, 58.0, 66.0, 78.0, 64.0, 72.0, 71.0, 71.0, 64.0, 77.0, 66.0, 73.0, 70.0, 69.0, 71.0, 75.0, 64.0, 70.0, 70.0, 66.0, 73.0, 73.0, 64.0, 75.0, 77.0, 66.0, 73.0, 67.0, 67.0, 72.0, 72.0, 78.0, 68.0, 67.0, 65.0, 74.0, 67.0, 61.0, 68.0, 64.0, 69.0, 57.0, 66.0, 66.0, 73.0, 65.0, 69.0, 64.0, 65.0, 68.0, 65.0, 72.0, 64.0, 69.0, 73.0, 72.0, 76.0, 74.0, 65.0, 72.0, 62.0, 68.0, 63.0, 72.0, 65.0, 69.0, 69.0, 71.0, 71.0, 70.0, 68.0, 79.0, 63.0, 79.0, 68.0, 60.0, 67.0, 71.0, 78.0, 67.0, 67.0, 59.0, 62.0, 71.0, 65.0, 72.0, 76.0, 72.0, 70.0, 62.0, 70.0, 72.0, 65.0, 65.0, 67.0, 66.0, 73.0, 71.0, 66.0, 71.0, 74.0, 61.0, 68.0, 72.0, 73.0, 74.0, 74.0, 76.0, 68.0, 70.0, 66.0, 67.0, 62.0, 67.0, 68.0, 70.0, 73.0, 64.0, 65.0, 70.0, 79.0, 79.0, 78.0, 77.0, 77.0, 70.0, 81.0, 74.0, 72.0, 70.0, 74.0, 71.0, 76.0, 76.0, 68.0, 67.0, 73.0, 67.0, 82.0, 82.0, 73.0, 69.0, 80.0, 73.0, 81.0, 63.0, 81.0, 63.0, 67.0, 81.0, 78.0, 71.0, 74.0, 70.0, 68.0, 73.0, 71.0, 76.0, 71.0, 68.0, 72.0, 77.0, 74.0, 67.0, 63.0, 77.0, 74.0, 75.0, 69.0, 72.0, 74.0, 73.0, 64.0, 73.0, 70.0, 73.0, 61.0, 68.0, 81.0, 69.0, 69.0, 69.0, 68.0, 60.0, 67.0, 70.0, 61.0, 78.0, 66.0, 75.0, 72.0, 70.0, 66.0, 67.0, 76.0, 72.0, 69.0, 75.0, 71.0, 71.0, 79.0, 64.0, 76.0, 73.0, 63.0, 75.0, 67.0, 71.0, 63.0, 78.0, 72.0, 70.0, 70.0, 61.0, 67.0, 72.0, 76.0, 68.0, 80.0, 73.0, 70.0, 69.0, 78.0, 70.0, 60.0, 64.0, 66.0, 74.0, 67.0, 74.0, 67.0, 74.0, 73.0, 81.0, 61.0, 71.0, 70.0, 62.0, 71.0, 70.0, 75.0, 69.0, 76.0, 72.0, 68.0, 73.0, 73.0, 71.0, 66.0, 65.0, 73.0, 74.0, 72.0, 72.0, 67.0, 71.0, 71.0, 77.0, 74.0, 80.0, 75.0, 69.0, 69.0, 71.0, 76.0, 65.0, 74.0, 74.0, 74.0, 67.0, 73.0, 65.0, 79.0, 69.0, 69.0, 67.0, 70.0, 72.0, 70.0, 59.0, 64.0, 71.0, 60.0, 71.0, 73.0, 62.0, 73.0, 78.0, 68.0, 66.0, 70.0, 72.0, 71.0, 71.0, 67.0, 76.0, 72.0, 69.0, 66.0, 69.0, 71.0, 70.0, 66.0, 72.0, 73.0, 74.0, 67.0, 68.0, 71.0, 71.0, 66.0, 76.0, 73.0, 74.0, 73.0, 75.0, 72.0, 65.0, 70.0, 69.0, 66.0, 76.0, 76.0, 67.0, 70.0, 69.0, 81.0, 76.0, 76.0, 80.0, 68.0, 70.0, 68.0, 62.0, 70.0, 65.0, 72.0, 69.0, 64.0, 75.0, 72.0, 79.0, 70.0, 77.0, 68.0, 69.0, 69.0, 67.0, 66.0, 66.0, 76.0, 70.0, 74.0, 68.0, 74.0, 73.0, 70.0, 75.0, 68.0, 69.0, 75.0, 66.0, 69.0, 73.0, 60.0, 69.0, 74.0, 69.0, 71.0, 72.0, 66.0, 67.0, 72.0, 73.0, 74.0, 65.0, 75.0, 72.0, 72.0, 67.0, 65.0, 69.0, 71.0, 72.0, 69.0, 54.0, 70.0, 71.0, 69.0, 72.0, 79.0, 60.0, 68.0, 71.0, 78.0, 68.0, 65.0, 73.0, 72.0, 62.0, 69.0, 70.0, 64.0, 68.0, 72.0, 74.0, 76.0, 59.0, 71.0, 59.0, 66.0, 82.0, 75.0, 65.0, 67.0, 67.0, 70.0, 66.0, 67.0, 73.0, 68.0, 70.0, 67.0, 66.0, 68.0, 68.0, 79.0, 74.0, 75.0, 60.0, 70.0, 66.0, 71.0, 66.0, 71.0, 66.0, 65.0, 67.0, 66.0, 65.0, 65.0, 64.0, 69.0, 71.0, 66.0, 69.0, 67.0, 75.0, 72.0, 69.0, 67.0, 76.0, 64.0, 74.0, 77.0, 74.0, 66.0, 80.0, 67.0, 74.0, 66.0, 67.0, 73.0, 71.0, 73.0, 75.0, 78.0, 71.0, 74.0, 75.0, 83.0, 73.0, 73.0, 74.0, 70.0, 69.0, 71.0, 70.0, 70.0, 82.0, 76.0, 71.0, 74.0, 71.0, 69.0, 73.0, 70.0, 77.0, 67.0, 65.0, 73.0, 69.0, 70.0, 65.0, 66.0, 72.0, 75.0, 68.0, 74.0, 68.0, 64.0, 63.0, 71.0, 69.0, 69.0, 70.0, 76.0, 72.0, 75.0, 70.0, 79.0, 62.0, 68.0, 70.0, 60.0, 69.0, 65.0, 66.0, 65.0, 71.0, 75.0, 77.0, 72.0, 72.0, 68.0, 74.0, 69.0, 70.0, 67.0, 69.0, 68.0, 71.0, 69.0, 66.0, 64.0, 73.0, 73.0, 78.0, 67.0, 69.0, 72.0, 65.0, 70.0, 75.0, 72.0, 64.0, 63.0, 70.0, 71.0, 69.0, 76.0, 70.0, 61.0, 68.0, 67.0, 66.0, 68.0, 69.0, 70.0, 67.0, 80.0, 74.0, 70.0, 67.0, 63.0, 66.0, 65.0, 65.0, 71.0, 76.0, 72.0, 72.0, 71.0, 64.0, 67.0, 68.0, 72.0, 79.0, 77.0, 66.0, 68.0, 68.0, 65.0, 64.0, 71.0, 65.0, 74.0, 68.0, 68.0, 62.0, 64.0, 62.0, 65.0, 63.0, 64.0, 77.0, 68.0, 65.0, 70.0, 76.0, 74.0, 63.0, 73.0, 69.0, 75.0, 76.0, 74.0, 70.0, 67.0, 74.0, 68.0, 74.0, 61.0, 78.0, 70.0, 72.0, 72.0, 73.0, 72.0, 66.0, 72.0, 68.0, 76.0, 73.0, 67.0, 72.0, 82.0, 72.0, 73.0, 68.0, 69.0, 69.0, 66.0, 68.0, 75.0, 70.0, 80.0, 72.0, 74.0, 64.0, 65.0, 67.0, 70.0, 69.0, 69.0, 73.0, 75.0, 67.0, 63.0, 76.0, 78.0, 72.0, 73.0, 72.0, 65.0, 68.0, 65.0, 70.0, 71.0, 70.0, 61.0, 80.0, 63.0, 71.0, 71.0, 67.0, 73.0, 71.0, 63.0, 72.0, 70.0, 58.0, 68.0, 63.0, 76.0, 74.0, 71.0, 65.0, 74.0, 69.0, 74.0, 65.0, 63.0, 69.0, 69.0, 79.0, 65.0, 66.0, 71.0, 77.0, 68.0, 74.0, 61.0, 69.0, 79.0, 69.0, 64.0, 74.0, 65.0, 70.0, 83.0, 77.0, 69.0, 68.0, 75.0, 62.0, 68.0, 74.0, 70.0, 69.0, 67.0, 70.0, 70.0, 68.0, 72.0, 67.0, 72.0, 70.0, 66.0, 67.0, 72.0, 71.0, 78.0, 65.0, 79.0, 68.0, 72.0, 60.0, 78.0, 68.0, 72.0, 63.0, 66.0, 79.0, 73.0, 70.0, 67.0, 74.0, 70.0, 71.0, 67.0, 62.0, 67.0, 66.0, 72.0, 74.0, 70.0, 72.0, 61.0, 75.0, 63.0, 68.0, 73.0, 68.0, 64.0, 68.0, 62.0, 74.0, 75.0, 75.0, 73.0, 70.0, 66.0, 58.0, 73.0, 70.0, 58.0, 76.0, 69.0, 77.0, 69.0, 73.0, 69.0, 67.0, 73.0, 58.0, 69.0, 69.0, 72.0, 75.0, 75.0, 72.0, 62.0, 58.0, 68.0, 71.0, 70.0, 71.0, 71.0, 71.0, 69.0, 64.0, 74.0, 68.0, 65.0, 75.0, 77.0, 66.0, 79.0, 70.0, 69.0, 72.0, 70.0, 75.0, 74.0, 66.0, 70.0, 65.0, 71.0, 76.0, 75.0, 66.0, 68.0, 72.0, 71.0, 71.0, 67.0, 70.0, 70.0, 69.0, 77.0, 76.0, 74.0, 77.0, 71.0, 63.0, 72.0, 74.0, 72.0, 74.0, 72.0, 72.0, 65.0, 71.0, 65.0, 68.0, 79.0, 70.0, 71.0, 67.0, 67.0, 72.0, 72.0, 75.0, 74.0, 71.0, 73.0, 68.0, 67.0, 70.0, 70.0, 64.0, 62.0, 72.0, 66.0, 64.0, 68.0, 68.0, 69.0, 65.0, 73.0, 75.0, 68.0, 63.0, 71.0, 76.0, 69.0, 73.0, 73.0, 71.0, 64.0, 67.0, 69.0, 71.0, 74.0, 71.0, 75.0, 81.0, 66.0, 72.0, 66.0, 73.0, 75.0, 68.0, 76.0, 71.0, 73.0, 73.0, 71.0, 71.0, 67.0, 77.0, 69.0, 62.0, 77.0, 67.0, 75.0, 76.0, 85.0, 75.0, 77.0, 76.0, 75.0, 67.0, 71.0, 68.0, 64.0, 67.0, 73.0, 78.0, 67.0, 66.0, 66.0, 65.0, 58.0, 72.0, 71.0, 64.0, 67.0, 69.0, 72.0, 67.0, 71.0, 67.0, 69.0, 69.0, 65.0, 71.0, 71.0, 64.0, 64.0, 77.0, 73.0, 71.0, 72.0, 71.0, 75.0, 70.0, 73.0, 71.0, 72.0, 79.0, 75.0, 68.0, 67.0, 64.0, 66.0, 70.0, 65.0, 73.0, 69.0, 78.0, 70.0, 72.0, 59.0, 74.0, 68.0, 67.0, 71.0, 66.0, 76.0, 68.0, 74.0, 67.0, 64.0, 68.0, 67.0, 70.0, 72.0, 71.0, 74.0, 65.0, 77.0, 69.0, 71.0, 72.0, 65.0, 77.0, 69.0, 68.0, 69.0, 75.0, 64.0, 70.0, 70.0, 70.0, 63.0, 64.0, 76.0, 73.0, 69.0, 79.0, 63.0, 70.0, 69.0, 64.0, 70.0, 56.0, 72.0, 70.0, 72.0, 80.0, 72.0, 70.0, 73.0, 73.0, 65.0, 72.0, 72.0, 70.0, 78.0, 67.0, 66.0, 73.0, 65.0, 71.0, 65.0, 72.0, 62.0, 73.0, 71.0, 73.0, 73.0, 71.0, 74.0, 77.0, 70.0, 71.0, 71.0, 77.0, 65.0, 68.0, 66.0, 70.0, 64.0, 72.0, 69.0, 74.0, 72.0, 73.0, 71.0, 68.0, 63.0, 76.0, 66.0, 69.0, 81.0, 66.0, 78.0, 72.0, 67.0, 74.0, 74.0, 72.0, 75.0, 66.0, 72.0, 61.0, 67.0, 69.0, 73.0, 73.0, 69.0, 67.0, 68.0, 64.0, 69.0, 72.0, 76.0, 69.0, 77.0, 69.0, 68.0, 66.0, 71.0, 69.0, 71.0, 75.0, 68.0, 66.0, 76.0, 72.0, 78.0, 62.0, 66.0, 81.0, 63.0, 74.0, 77.0, 68.0, 73.0, 81.0, 69.0, 72.0, 81.0, 76.0, 78.0, 72.0, 76.0, 66.0, 66.0, 72.0, 67.0, 72.0, 66.0, 68.0, 72.0, 73.0, 69.0, 69.0, 64.0, 73.0, 72.0, 65.0, 65.0, 65.0, 73.0, 79.0, 62.0, 75.0, 68.0, 73.0, 69.0, 77.0, 72.0, 82.0, 71.0, 74.0, 67.0, 72.0, 73.0, 79.0, 74.0, 74.0, 72.0, 67.0, 71.0, 77.0, 73.0, 70.0, 71.0, 67.0, 68.0, 80.0, 65.0, 67.0, 72.0, 70.0, 65.0, 64.0, 64.0, 63.0, 77.0, 73.0, 67.0, 66.0, 72.0, 64.0, 66.0, 71.0, 74.0, 77.0, 72.0, 67.0, 73.0, 66.0, 69.0, 74.0, 71.0, 73.0, 74.0, 68.0, 70.0, 73.0, 75.0, 64.0, 68.0, 69.0, 60.0, 66.0, 71.0, 71.0, 68.0, 69.0, 70.0, 79.0, 68.0, 72.0, 73.0, 64.0, 77.0, 72.0, 73.0, 71.0, 71.0, 70.0, 64.0, 75.0, 67.0, 76.0, 70.0, 67.0, 61.0, 68.0, 73.0, 70.0, 76.0, 77.0, 76.0, 75.0, 71.0, 72.0, 57.0, 69.0, 74.0, 75.0, 70.0, 79.0, 66.0, 76.0, 74.0, 64.0, 80.0, 78.0, 71.0, 74.0, 78.0, 74.0, 68.0, 70.0, 74.0, 72.0, 78.0, 65.0, 71.0, 78.0, 64.0, 67.0, 65.0, 69.0, 78.0, 66.0, 68.0, 74.0, 64.0, 66.0, 80.0, 70.0, 69.0, 76.0, 71.0, 76.0, 75.0, 53.0, 69.0, 71.0, 60.0, 70.0, 70.0, 74.0, 71.0, 67.0, 72.0, 75.0, 62.0, 71.0, 72.0, 66.0, 71.0, 68.0, 78.0, 66.0, 59.0, 68.0, 66.0, 67.0, 79.0, 68.0, 61.0, 71.0, 67.0, 75.0, 67.0, 74.0, 69.0, 69.0, 74.0, 79.0, 67.0, 67.0, 67.0, 71.0, 64.0, 76.0, 62.0, 68.0, 71.0, 74.0, 73.0, 75.0, 69.0, 76.0, 70.0, 71.0, 71.0, 77.0, 74.0, 67.0, 82.0, 69.0, 65.0, 69.0, 79.0, 65.0, 67.0, 70.0, 75.0, 69.0, 70.0, 67.0, 69.0, 68.0, 69.0, 63.0, 74.0, 64.0, 76.0, 71.0, 61.0, 77.0, 61.0, 70.0, 68.0, 71.0, 65.0, 68.0, 79.0, 70.0, 65.0, 74.0, 73.0, 69.0, 70.0, 72.0, 65.0, 78.0, 68.0, 65.0, 66.0, 70.0, 72.0, 63.0, 75.0, 82.0, 70.0, 67.0, 64.0, 66.0, 72.0, 65.0, 75.0, 77.0, 66.0, 72.0, 72.0, 67.0, 72.0, 69.0, 72.0, 71.0, 71.0, 73.0, 69.0, 70.0, 68.0, 74.0, 68.0, 74.0, 72.0, 72.0, 67.0, 63.0, 66.0, 75.0, 69.0, 75.0, 77.0, 74.0, 63.0, 64.0, 64.0, 65.0, 72.0, 70.0, 74.0, 61.0, 62.0, 65.0, 63.0, 70.0, 66.0, 70.0, 73.0, 75.0, 66.0, 69.0, 76.0, 74.0, 77.0, 69.0, 71.0, 71.0, 61.0, 66.0, 75.0, 77.0, 66.0, 70.0, 70.0, 72.0, 71.0, 72.0, 74.0, 70.0, 70.0, 65.0, 68.0, 68.0, 77.0, 74.0, 73.0, 72.0, 77.0, 70.0, 64.0, 72.0, 72.0, 63.0, 69.0, 66.0, 73.0, 61.0, 76.0, 62.0, 72.0, 68.0, 71.0, 70.0, 67.0, 71.0, 77.0, 74.0, 69.0, 69.0, 78.0, 69.0, 78.0, 75.0, 70.0, 65.0, 74.0, 74.0, 72.0, 64.0, 77.0, 78.0, 76.0, 69.0, 65.0, 65.0, 64.0, 76.0, 70.0, 68.0, 70.0, 73.0, 77.0, 66.0, 75.0, 72.0, 73.0, 62.0, 68.0, 75.0, 72.0, 69.0, 63.0, 66.0, 74.0, 72.0, 74.0, 69.0, 65.0, 70.0, 68.0, 72.0, 68.0, 66.0, 65.0, 72.0, 76.0, 67.0, 76.0, 70.0, 68.0, 61.0, 66.0, 72.0, 73.0, 72.0, 67.0, 75.0, 73.0, 76.0, 68.0, 74.0, 65.0, 74.0, 65.0, 69.0, 73.0, 74.0, 72.0, 68.0, 66.0, 80.0, 72.0, 73.0, 67.0, 67.0, 77.0, 60.0, 70.0, 64.0, 69.0, 72.0, 75.0, 76.0, 67.0, 65.0, 66.0, 65.0, 76.0, 82.0, 60.0, 72.0, 74.0, 77.0, 70.0, 78.0, 74.0, 76.0, 64.0, 74.0, 69.0, 77.0, 78.0, 75.0, 73.0, 71.0, 64.0, 67.0, 74.0, 70.0, 70.0, 79.0, 70.0, 70.0, 69.0, 69.0, 70.0, 78.0, 63.0, 81.0, 82.0, 70.0, 65.0, 68.0, 61.0, 73.0, 64.0, 71.0, 78.0, 72.0, 64.0, 73.0, 71.0, 77.0, 64.0, 71.0, 76.0, 74.0, 77.0, 76.0, 62.0, 67.0, 71.0, 68.0, 74.0, 69.0, 64.0, 71.0, 71.0, 68.0, 72.0, 69.0, 71.0, 70.0, 73.0, 73.0, 77.0, 64.0, 73.0, 70.0, 59.0, 72.0, 77.0, 69.0, 75.0, 79.0, 81.0, 77.0, 70.0, 76.0, 76.0, 70.0, 67.0, 71.0, 72.0, 71.0, 69.0, 64.0, 76.0, 73.0, 70.0, 67.0, 68.0, 66.0, 77.0, 70.0, 73.0, 73.0, 60.0, 73.0, 74.0, 71.0, 66.0, 65.0, 68.0, 65.0, 84.0, 77.0, 69.0, 63.0, 69.0, 63.0, 66.0, 71.0, 76.0, 75.0, 71.0, 69.0, 80.0, 64.0, 69.0, 67.0, 63.0, 64.0, 70.0, 69.0, 73.0, 67.0, 68.0, 72.0, 68.0, 71.0, 68.0, 63.0, 65.0, 72.0, 68.0, 63.0, 60.0, 69.0, 57.0, 64.0, 69.0, 70.0, 69.0, 70.0, 71.0, 61.0, 72.0, 67.0, 70.0, 72.0, 64.0, 72.0, 67.0, 67.0, 61.0, 80.0, 70.0, 76.0, 68.0, 65.0, 68.0, 70.0, 71.0, 69.0, 76.0, 70.0, 73.0, 71.0, 64.0, 73.0, 66.0, 61.0, 66.0, 72.0, 66.0, 77.0, 72.0, 70.0, 76.0, 70.0, 71.0, 73.0, 72.0, 73.0, 66.0, 71.0, 61.0, 63.0, 73.0, 66.0, 73.0, 71.0, 68.0, 71.0, 61.0, 71.0, 76.0, 70.0, 71.0, 67.0, 71.0, 71.0, 71.0, 70.0, 72.0, 64.0, 74.0, 79.0, 69.0, 79.0, 69.0, 60.0, 69.0, 65.0, 69.0, 75.0, 64.0, 68.0, 78.0, 72.0, 76.0, 76.0, 69.0, 68.0, 66.0, 74.0, 63.0, 77.0, 66.0, 75.0, 73.0, 62.0, 64.0, 68.0, 76.0, 74.0, 69.0, 74.0, 81.0, 73.0, 74.0, 64.0, 71.0, 73.0, 73.0, 77.0, 75.0, 68.0, 68.0, 73.0, 72.0, 67.0, 76.0, 62.0, 70.0, 71.0, 79.0, 63.0, 76.0, 66.0, 75.0, 71.0, 68.0, 76.0, 73.0, 65.0, 79.0, 73.0, 72.0, 78.0, 66.0, 76.0, 72.0, 64.0, 66.0, 62.0, 69.0, 74.0, 70.0, 64.0, 70.0, 70.0, 74.0, 72.0, 62.0, 70.0, 71.0, 70.0, 66.0, 78.0, 75.0, 65.0, 77.0, 71.0, 72.0, 68.0, 64.0, 67.0, 67.0, 75.0, 71.0, 71.0, 71.0, 64.0, 74.0, 75.0, 78.0, 76.0, 68.0, 69.0, 75.0, 74.0, 68.0, 66.0, 68.0, 67.0, 71.0, 78.0, 71.0, 69.0, 71.0, 68.0, 62.0, 67.0, 70.0, 63.0, 68.0, 71.0, 70.0, 66.0, 65.0, 68.0, 74.0, 70.0, 68.0, 64.0, 61.0, 77.0, 73.0, 68.0, 72.0, 80.0, 77.0, 62.0, 70.0, 75.0, 71.0, 66.0, 67.0, 73.0, 72.0, 70.0, 72.0, 75.0, 63.0, 70.0, 59.0, 70.0, 73.0, 66.0, 69.0, 76.0, 79.0, 75.0, 63.0, 65.0, 73.0, 72.0, 65.0, 63.0, 67.0, 68.0, 69.0, 65.0, 68.0, 71.0, 77.0, 71.0, 64.0, 68.0, 75.0, 63.0, 65.0, 62.0, 78.0, 74.0, 67.0, 77.0, 77.0, 68.0, 69.0, 75.0, 67.0, 72.0, 71.0, 81.0, 67.0, 76.0, 66.0, 69.0, 66.0, 65.0, 72.0, 69.0, 66.0, 75.0, 70.0, 69.0, 69.0, 71.0, 74.0, 81.0, 73.0, 71.0, 70.0, 75.0, 64.0, 75.0, 67.0, 68.0, 74.0, 76.0, 75.0, 65.0, 74.0, 68.0, 70.0, 70.0, 75.0, 69.0, 76.0, 75.0, 72.0, 70.0, 71.0, 70.0, 62.0, 70.0, 71.0, 67.0, 65.0, 72.0, 72.0, 72.0, 72.0, 74.0, 65.0, 64.0, 79.0, 72.0, 74.0, 73.0, 77.0, 70.0, 81.0, 70.0, 69.0, 64.0, 71.0, 72.0, 68.0, 71.0, 67.0, 72.0, 72.0, 68.0, 71.0, 79.0, 70.0, 59.0, 76.0, 76.0, 70.0, 71.0, 65.0, 69.0, 76.0, 68.0, 72.0, 70.0, 73.0, 68.0, 79.0, 74.0, 70.0, 65.0, 72.0, 68.0, 71.0, 67.0, 84.0, 69.0, 72.0, 73.0, 70.0, 72.0, 75.0, 65.0, 70.0, 70.0, 76.0, 73.0, 73.0, 70.0, 68.0, 65.0, 79.0, 62.0, 72.0, 72.0, 71.0, 70.0, 66.0, 71.0, 81.0, 71.0, 66.0, 72.0, 68.0, 73.0, 66.0, 70.0, 74.0, 69.0, 78.0, 65.0, 77.0, 74.0, 67.0, 69.0, 73.0, 71.0, 63.0, 65.0, 70.0, 65.0, 69.0, 70.0, 70.0, 62.0, 69.0, 66.0, 69.0, 74.0, 73.0, 67.0, 71.0, 68.0, 66.0, 70.0, 67.0, 64.0, 73.0, 73.0, 75.0, 76.0, 72.0, 63.0, 77.0, 60.0, 64.0, 69.0, 68.0, 67.0, 71.0, 69.0, 64.0, 63.0, 75.0, 64.0, 70.0, 75.0, 72.0, 69.0, 84.0, 70.0, 62.0, 74.0, 62.0, 71.0, 69.0, 76.0, 74.0, 73.0, 70.0, 73.0, 61.0, 61.0, 64.0, 69.0, 74.0, 69.0, 71.0, 74.0, 69.0, 68.0, 70.0, 69.0, 72.0, 71.0, 69.0, 62.0, 66.0, 72.0, 76.0, 66.0, 76.0, 68.0, 68.0, 67.0, 60.0, 69.0, 67.0, 71.0, 58.0, 57.0, 71.0, 65.0, 72.0, 76.0, 61.0, 73.0, 72.0, 68.0, 60.0, 75.0, 69.0, 66.0, 69.0, 71.0, 68.0, 68.0, 67.0, 66.0, 63.0, 62.0, 74.0, 80.0, 74.0, 75.0, 75.0, 69.0, 68.0, 75.0, 71.0, 71.0, 69.0, 71.0, 70.0, 70.0, 73.0, 62.0, 66.0, 72.0, 69.0, 70.0, 77.0, 81.0, 74.0, 73.0, 73.0, 70.0, 73.0, 61.0, 71.0, 65.0, 64.0, 66.0, 71.0, 72.0, 75.0, 70.0, 71.0, 66.0, 72.0, 70.0, 74.0, 70.0, 75.0, 75.0, 68.0, 65.0, 64.0, 68.0, 70.0, 69.0, 76.0, 66.0, 70.0, 65.0, 80.0, 72.0, 81.0, 67.0, 61.0, 67.0, 66.0, 67.0, 75.0, 74.0, 68.0, 67.0, 75.0, 81.0, 72.0, 71.0, 71.0, 75.0, 67.0, 68.0, 64.0, 69.0, 77.0, 69.0, 70.0, 75.0, 71.0, 71.0, 71.0, 70.0, 73.0, 67.0, 78.0, 69.0, 69.0, 74.0, 70.0, 74.0, 69.0, 74.0, 70.0, 74.0, 63.0, 73.0, 70.0, 75.0, 65.0, 73.0, 69.0, 67.0, 69.0, 72.0, 69.0, 71.0, 69.0, 76.0, 59.0, 73.0, 77.0, 64.0, 71.0, 81.0, 63.0, 66.0, 81.0, 70.0, 69.0, 64.0, 73.0, 67.0, 70.0, 75.0, 68.0, 69.0, 70.0, 73.0, 77.0, 75.0, 77.0, 72.0, 77.0, 77.0, 68.0, 73.0, 68.0, 81.0, 64.0, 63.0, 71.0, 81.0, 62.0, 77.0, 64.0, 69.0, 63.0, 74.0, 76.0, 76.0, 63.0, 64.0, 69.0, 69.0, 67.0, 76.0, 62.0, 76.0, 72.0, 74.0, 66.0, 67.0, 68.0, 77.0, 76.0, 70.0, 79.0, 70.0, 67.0, 70.0, 72.0, 75.0, 63.0, 72.0, 67.0, 67.0, 71.0, 69.0, 67.0, 71.0, 73.0, 65.0, 63.0, 72.0, 73.0, 69.0, 68.0, 64.0, 75.0, 63.0, 76.0, 61.0, 70.0, 71.0, 68.0, 70.0, 75.0, 69.0, 66.0, 70.0, 75.0, 64.0, 77.0, 68.0, 66.0, 71.0, 65.0, 74.0, 68.0, 75.0, 61.0, 62.0, 79.0, 69.0, 67.0, 66.0, 66.0, 74.0, 70.0, 68.0, 77.0, 70.0, 76.0, 71.0, 76.0, 71.0, 77.0, 72.0, 66.0, 70.0, 78.0, 70.0, 72.0, 79.0, 79.0, 79.0, 64.0, 73.0, 68.0, 73.0, 73.0, 70.0, 75.0, 64.0, 72.0, 69.0, 71.0, 72.0, 67.0, 71.0, 67.0, 72.0, 74.0, 72.0, 69.0, 75.0, 79.0, 72.0, 68.0, 65.0, 76.0, 74.0, 70.0, 80.0, 78.0, 68.0, 64.0, 60.0, 70.0, 72.0, 69.0, 72.0, 69.0, 66.0, 72.0, 63.0, 67.0, 70.0, 69.0, 67.0, 69.0, 70.0, 78.0, 74.0, 70.0, 66.0, 73.0, 66.0, 70.0, 75.0, 70.0, 71.0, 72.0, 69.0, 68.0, 65.0, 71.0, 67.0, 77.0, 77.0, 70.0, 68.0, 66.0, 71.0, 67.0, 74.0, 73.0, 66.0, 64.0, 61.0, 83.0, 73.0, 78.0, 61.0, 74.0, 73.0, 68.0, 68.0, 68.0, 69.0, 67.0, 67.0, 71.0, 70.0, 63.0, 76.0, 65.0, 69.0, 76.0, 73.0, 67.0, 75.0, 67.0, 73.0, 80.0, 73.0, 72.0, 76.0, 68.0, 77.0, 73.0, 61.0, 70.0, 64.0, 78.0, 68.0, 69.0, 72.0, 71.0, 71.0, 65.0, 72.0, 69.0, 63.0, 61.0, 68.0, 71.0, 63.0, 74.0, 72.0, 76.0, 69.0, 77.0, 63.0, 70.0, 75.0, 79.0, 74.0, 69.0, 65.0, 76.0, 66.0, 71.0, 72.0, 78.0, 67.0, 75.0, 70.0, 69.0, 69.0, 65.0, 75.0, 65.0, 71.0, 71.0, 69.0, 72.0, 70.0, 63.0, 67.0, 66.0, 66.0, 67.0, 67.0, 73.0, 71.0, 66.0, 77.0, 69.0, 73.0, 74.0, 64.0, 65.0, 68.0, 69.0, 64.0, 70.0, 70.0, 69.0, 68.0, 73.0, 72.0, 74.0, 72.0, 77.0, 68.0, 72.0, 69.0, 69.0, 65.0, 78.0, 69.0, 64.0, 69.0, 64.0, 70.0, 67.0, 72.0, 73.0, 75.0, 71.0, 77.0, 69.0, 66.0, 69.0, 75.0, 67.0, 78.0, 65.0, 73.0, 62.0, 62.0, 68.0, 84.0, 68.0, 70.0, 71.0, 69.0, 69.0, 70.0, 62.0, 84.0, 66.0, 69.0, 65.0, 65.0, 65.0, 68.0, 67.0, 76.0, 70.0, 73.0, 72.0, 68.0, 64.0, 71.0, 69.0, 73.0, 69.0, 65.0, 68.0, 71.0, 66.0, 73.0, 77.0, 70.0, 75.0, 70.0, 72.0, 66.0, 75.0, 67.0, 69.0, 67.0, 73.0, 73.0, 76.0, 67.0, 75.0, 75.0, 67.0, 71.0, 76.0, 72.0, 66.0, 67.0, 72.0, 61.0, 72.0, 75.0, 78.0, 69.0, 74.0, 70.0, 69.0, 69.0, 73.0, 68.0, 61.0, 78.0, 60.0, 67.0, 68.0, 74.0, 69.0, 69.0, 72.0, 68.0, 74.0, 73.0, 71.0, 69.0, 69.0, 69.0, 68.0, 72.0, 69.0, 76.0, 71.0, 68.0, 68.0, 74.0, 70.0, 74.0, 62.0, 79.0, 63.0, 67.0, 65.0, 69.0, 71.0, 69.0, 73.0, 69.0, 77.0, 69.0, 67.0, 69.0, 69.0, 68.0, 80.0, 70.0, 59.0, 72.0, 65.0, 73.0, 73.0, 71.0, 72.0, 73.0, 71.0, 69.0, 69.0, 70.0, 73.0, 66.0, 66.0, 66.0, 63.0, 69.0, 65.0, 71.0, 71.0, 62.0, 64.0, 74.0, 63.0, 64.0, 71.0, 70.0, 73.0, 73.0, 61.0, 73.0, 75.0, 75.0, 71.0, 75.0, 67.0, 70.0, 78.0, 67.0, 70.0, 68.0, 72.0, 68.0, 74.0, 82.0, 66.0, 71.0, 70.0, 64.0, 70.0, 71.0, 71.0, 68.0, 66.0, 77.0, 71.0, 66.0, 56.0, 72.0, 77.0, 65.0, 70.0, 73.0, 76.0, 69.0, 68.0, 66.0, 72.0, 70.0, 71.0, 69.0, 75.0, 64.0, 69.0, 75.0, 73.0, 69.0, 68.0, 69.0, 72.0, 76.0, 74.0, 70.0, 70.0, 75.0, 54.0, 82.0, 73.0, 73.0, 64.0, 75.0, 72.0, 72.0, 69.0, 68.0, 69.0, 73.0, 72.0, 67.0, 66.0, 67.0, 75.0, 72.0, 71.0, 65.0, 78.0, 69.0, 75.0, 76.0, 71.0, 72.0, 67.0, 71.0, 72.0, 71.0, 70.0, 70.0, 68.0, 71.0, 70.0, 73.0, 76.0, 69.0, 83.0, 68.0, 75.0, 66.0, 73.0, 75.0, 72.0, 66.0, 73.0, 63.0, 79.0, 60.0, 70.0, 76.0, 67.0, 83.0, 76.0, 75.0, 71.0, 72.0, 66.0, 68.0, 70.0, 73.0, 71.0, 81.0, 76.0, 69.0, 68.0, 65.0, 71.0, 69.0, 66.0, 71.0, 77.0, 75.0, 67.0, 76.0, 76.0, 77.0, 76.0, 68.0, 68.0, 70.0, 65.0, 65.0, 62.0, 72.0, 69.0, 77.0, 75.0, 68.0, 74.0, 73.0, 68.0, 74.0, 67.0, 73.0, 83.0, 77.0, 63.0, 71.0, 72.0, 62.0, 78.0, 74.0, 72.0, 70.0, 67.0, 63.0, 66.0, 68.0, 74.0, 72.0, 72.0, 67.0, 65.0, 72.0, 71.0, 79.0, 75.0, 67.0, 66.0, 72.0, 70.0, 68.0, 69.0, 71.0, 69.0, 74.0, 65.0, 71.0, 62.0, 74.0, 73.0, 64.0, 68.0, 71.0, 72.0, 72.0, 64.0, 66.0, 70.0, 63.0, 76.0, 65.0, 75.0, 74.0, 66.0, 74.0, 71.0, 72.0, 67.0, 79.0, 66.0, 73.0, 64.0, 76.0, 74.0, 69.0, 69.0, 66.0, 70.0, 73.0, 72.0, 75.0, 73.0, 67.0, 75.0, 68.0, 75.0, 71.0, 67.0, 64.0, 65.0, 73.0, 78.0, 68.0, 80.0, 72.0, 74.0, 76.0, 69.0, 74.0, 78.0, 80.0, 74.0, 71.0, 73.0, 69.0, 70.0, 68.0, 73.0, 74.0, 68.0, 75.0, 74.0, 71.0, 72.0, 74.0, 75.0, 75.0, 75.0, 66.0, 72.0, 71.0, 72.0, 72.0, 77.0, 78.0, 77.0, 71.0, 76.0, 74.0, 70.0, 76.0, 72.0, 72.0, 62.0, 64.0, 68.0, 65.0, 74.0, 74.0, 74.0, 65.0, 66.0, 73.0, 70.0, 65.0, 67.0, 69.0, 64.0, 77.0, 72.0, 75.0, 67.0, 64.0, 65.0, 69.0, 74.0, 65.0, 74.0, 80.0, 72.0, 78.0, 73.0, 76.0, 76.0, 83.0, 71.0, 69.0, 65.0, 73.0, 74.0, 69.0, 67.0, 75.0, 61.0, 71.0, 69.0, 64.0, 77.0, 77.0, 73.0, 67.0, 74.0, 75.0, 77.0, 66.0, 68.0, 81.0, 74.0, 77.0, 73.0, 71.0, 71.0, 74.0, 74.0, 59.0, 71.0, 72.0, 78.0, 78.0, 74.0, 66.0, 71.0, 71.0, 75.0, 66.0, 66.0, 76.0, 80.0, 71.0, 72.0, 71.0, 76.0, 67.0, 74.0, 66.0, 76.0, 79.0, 73.0, 78.0, 73.0, 67.0, 70.0, 69.0, 66.0, 73.0, 75.0, 71.0, 67.0, 70.0, 69.0, 62.0, 70.0, 70.0, 79.0, 68.0, 63.0, 75.0, 69.0, 66.0, 66.0, 69.0, 70.0, 73.0, 73.0, 67.0, 65.0, 75.0, 70.0, 61.0, 68.0, 73.0, 75.0, 70.0, 70.0, 63.0, 75.0, 70.0, 65.0, 72.0, 66.0, 64.0, 77.0, 72.0, 75.0, 71.0, 69.0, 66.0, 78.0, 72.0, 67.0, 69.0, 73.0, 66.0, 75.0, 66.0, 65.0, 71.0, 72.0, 67.0, 70.0, 73.0, 71.0, 73.0, 62.0, 68.0, 66.0, 73.0, 66.0, 77.0, 61.0, 78.0, 74.0, 67.0, 79.0, 74.0, 69.0, 72.0, 73.0, 69.0, 66.0, 70.0, 72.0, 67.0, 58.0, 67.0, 74.0, 73.0, 76.0, 73.0, 75.0, 67.0, 69.0, 75.0, 66.0, 75.0, 67.0, 68.0, 75.0, 71.0, 66.0, 67.0, 75.0, 66.0, 72.0, 71.0, 71.0, 73.0, 76.0, 73.0, 68.0, 72.0, 76.0, 76.0, 72.0, 68.0, 73.0, 66.0, 77.0, 71.0, 70.0, 70.0, 76.0, 76.0, 70.0, 67.0, 64.0, 63.0, 73.0, 71.0, 62.0, 71.0, 79.0, 73.0, 69.0, 78.0, 68.0, 74.0, 65.0, 73.0, 75.0, 76.0, 73.0, 73.0, 64.0, 73.0, 67.0, 72.0, 70.0, 67.0, 74.0, 58.0, 69.0, 77.0, 72.0, 75.0, 75.0, 70.0, 70.0, 70.0, 72.0, 69.0, 77.0, 75.0, 74.0, 70.0, 77.0, 76.0, 71.0, 68.0, 70.0, 71.0, 64.0, 76.0, 65.0, 67.0, 71.0, 72.0, 65.0, 64.0, 78.0, 73.0, 77.0, 68.0, 73.0, 69.0, 70.0, 72.0, 73.0, 73.0, 73.0, 78.0, 65.0, 76.0, 70.0, 69.0, 69.0, 76.0, 74.0, 70.0, 71.0, 72.0, 77.0, 78.0, 72.0, 67.0, 70.0, 75.0, 60.0, 70.0, 66.0, 70.0, 66.0, 77.0, 72.0, 73.0, 72.0, 69.0, 70.0, 77.0, 67.0, 70.0, 66.0, 62.0, 64.0, 72.0, 68.0, 70.0, 74.0, 66.0, 64.0, 74.0, 70.0, 64.0, 62.0, 67.0, 74.0, 68.0, 72.0, 69.0, 66.0, 69.0, 71.0, 76.0, 74.0, 63.0, 73.0, 67.0, 75.0, 70.0, 69.0, 69.0, 81.0, 76.0, 73.0, 72.0, 76.0, 68.0, 75.0, 78.0, 73.0, 68.0, 65.0, 73.0, 74.0, 69.0, 81.0, 70.0, 64.0, 82.0, 67.0, 59.0, 70.0, 66.0, 69.0, 69.0, 72.0, 57.0, 62.0, 75.0, 68.0, 75.0, 74.0, 77.0, 78.0, 72.0, 76.0, 67.0, 73.0, 79.0, 66.0, 80.0, 57.0, 78.0, 72.0, 62.0, 70.0, 60.0, 66.0, 76.0, 65.0, 66.0, 77.0, 66.0, 69.0, 67.0, 68.0, 71.0, 67.0, 72.0, 63.0, 68.0, 73.0, 77.0, 71.0, 67.0, 73.0, 71.0, 70.0, 66.0, 70.0, 76.0, 69.0, 73.0, 78.0, 76.0, 65.0, 70.0, 69.0, 76.0, 72.0, 69.0, 70.0, 63.0, 62.0, 67.0, 76.0, 73.0, 67.0, 73.0, 73.0, 65.0, 75.0, 67.0, 71.0, 68.0, 76.0, 61.0, 68.0, 76.0, 68.0, 66.0, 69.0, 67.0, 77.0, 69.0, 77.0, 78.0, 68.0, 69.0, 64.0, 64.0, 61.0, 69.0, 75.0, 75.0, 61.0, 66.0, 73.0, 65.0, 67.0, 68.0, 70.0, 74.0, 69.0, 78.0, 67.0, 75.0, 70.0, 67.0, 66.0, 70.0, 66.0, 72.0, 77.0, 65.0, 76.0, 69.0, 75.0, 69.0, 67.0, 58.0, 71.0, 67.0, 67.0, 70.0, 71.0, 64.0, 66.0, 76.0, 66.0, 66.0, 65.0, 71.0, 77.0, 61.0, 69.0, 74.0, 69.0, 69.0, 69.0, 74.0, 71.0, 70.0, 70.0, 67.0, 71.0, 72.0, 75.0, 81.0, 74.0, 61.0, 65.0, 64.0, 72.0, 60.0, 74.0, 62.0, 69.0, 67.0, 61.0, 66.0, 68.0, 64.0, 70.0, 73.0, 74.0, 70.0, 71.0, 69.0, 73.0, 70.0, 71.0, 70.0, 68.0, 80.0, 70.0, 74.0, 65.0, 67.0, 67.0, 71.0, 71.0, 74.0, 61.0, 71.0, 77.0, 60.0, 75.0, 69.0, 71.0, 69.0, 74.0, 69.0, 69.0, 66.0, 76.0, 68.0, 64.0, 63.0, 62.0, 74.0, 66.0, 76.0, 70.0, 73.0, 69.0, 73.0, 60.0, 67.0, 81.0, 66.0, 69.0, 67.0, 67.0, 77.0, 75.0, 81.0, 72.0, 76.0, 63.0, 75.0, 72.0, 75.0, 64.0, 72.0, 66.0, 64.0, 73.0, 70.0, 67.0, 72.0, 76.0, 75.0, 60.0, 70.0, 75.0, 71.0, 69.0, 69.0, 68.0, 70.0, 73.0, 67.0, 74.0, 80.0, 70.0, 75.0, 70.0, 62.0, 74.0, 68.0, 68.0, 72.0, 62.0, 75.0, 76.0, 74.0, 68.0, 64.0, 64.0, 68.0, 74.0, 56.0, 64.0, 69.0, 77.0, 75.0, 72.0, 68.0, 72.0, 70.0, 72.0, 76.0, 80.0, 72.0, 64.0, 69.0, 72.0, 77.0, 68.0, 73.0, 74.0, 68.0, 79.0, 72.0, 62.0, 69.0, 62.0, 70.0, 67.0, 75.0, 69.0, 69.0, 73.0, 71.0, 63.0, 68.0, 71.0, 69.0, 72.0, 69.0, 75.0, 75.0, 69.0, 70.0, 69.0, 71.0, 75.0, 69.0, 67.0, 71.0, 71.0, 67.0, 71.0, 76.0, 73.0, 66.0, 70.0, 76.0, 75.0, 62.0, 72.0, 71.0, 70.0, 76.0, 70.0, 67.0, 65.0, 74.0, 76.0, 62.0, 74.0, 76.0, 65.0, 69.0, 66.0, 66.0, 65.0, 76.0, 65.0, 78.0, 76.0, 69.0, 73.0, 75.0, 70.0, 84.0, 65.0, 77.0, 66.0, 63.0, 74.0, 64.0, 67.0, 77.0, 70.0, 78.0, 61.0, 60.0, 66.0, 63.0, 66.0, 61.0, 67.0, 68.0, 65.0, 69.0, 63.0, 72.0, 72.0, 75.0, 74.0, 67.0, 71.0, 74.0, 67.0, 74.0, 77.0, 71.0, 68.0, 70.0, 70.0, 66.0, 67.0, 70.0, 73.0, 72.0, 77.0, 72.0, 68.0, 75.0, 74.0, 72.0, 68.0, 72.0, 67.0, 69.0, 63.0, 72.0, 65.0, 73.0, 74.0, 71.0, 62.0, 75.0, 67.0, 66.0, 74.0, 71.0, 69.0, 73.0, 71.0, 77.0, 70.0, 72.0, 74.0, 69.0, 70.0, 74.0, 68.0, 68.0, 67.0, 69.0, 73.0, 67.0, 73.0, 64.0, 77.0, 76.0, 76.0, 66.0, 73.0, 75.0, 66.0, 70.0, 69.0, 68.0, 76.0, 72.0, 78.0, 69.0, 68.0, 64.0, 76.0, 70.0, 72.0, 63.0, 66.0, 61.0, 69.0, 74.0, 75.0, 73.0, 71.0, 65.0, 71.0, 67.0, 64.0, 72.0, 70.0, 76.0, 71.0, 65.0, 63.0, 66.0, 69.0, 69.0, 61.0, 79.0, 73.0, 66.0, 64.0, 63.0, 70.0, 74.0, 72.0, 74.0, 75.0, 74.0, 72.0, 64.0, 73.0, 72.0, 72.0, 65.0, 68.0, 72.0, 66.0, 69.0, 76.0, 65.0, 63.0, 61.0, 75.0, 69.0, 78.0, 70.0, 75.0, 81.0, 64.0, 62.0, 72.0, 65.0, 72.0, 72.0, 73.0, 75.0, 76.0, 70.0, 75.0, 70.0, 65.0, 67.0, 68.0, 70.0, 73.0, 71.0, 63.0, 73.0, 69.0, 72.0, 62.0, 69.0, 77.0, 65.0, 77.0, 65.0, 62.0, 74.0, 67.0, 72.0, 69.0, 70.0, 80.0, 76.0, 75.0, 76.0, 72.0, 70.0, 72.0, 76.0, 71.0, 62.0, 74.0, 68.0, 66.0, 71.0, 78.0, 69.0, 71.0, 69.0, 74.0, 72.0, 69.0, 69.0, 62.0, 73.0, 71.0, 72.0, 64.0, 69.0, 67.0, 72.0, 70.0, 76.0, 73.0, 65.0, 70.0, 74.0, 74.0, 66.0, 71.0, 73.0, 75.0, 73.0, 74.0, 71.0, 79.0, 75.0, 77.0, 76.0, 66.0, 72.0, 74.0, 71.0, 77.0, 74.0, 70.0, 65.0, 63.0, 54.0, 65.0, 73.0, 65.0, 73.0, 73.0, 69.0, 77.0, 73.0, 67.0, 73.0, 65.0, 72.0, 77.0, 76.0, 74.0, 71.0, 74.0, 79.0, 75.0, 75.0, 68.0, 72.0, 65.0, 73.0, 74.0, 78.0, 77.0, 78.0, 68.0, 69.0, 70.0, 71.0, 67.0, 67.0, 71.0, 79.0, 76.0, 61.0, 69.0, 73.0, 68.0, 78.0, 72.0, 69.0, 65.0, 65.0, 74.0, 70.0, 69.0, 70.0, 76.0, 76.0, 72.0, 68.0, 72.0, 73.0, 67.0, 64.0, 71.0, 68.0, 68.0, 57.0, 75.0, 72.0, 74.0, 76.0, 67.0, 74.0, 60.0, 73.0, 67.0, 67.0, 77.0, 70.0, 72.0, 76.0, 82.0, 69.0, 67.0, 70.0, 65.0, 82.0, 75.0, 78.0, 78.0, 72.0, 67.0, 69.0, 72.0, 72.0, 67.0, 62.0, 68.0, 76.0, 73.0, 68.0, 68.0, 75.0, 68.0, 65.0, 66.0, 71.0, 64.0, 69.0, 64.0, 61.0, 71.0, 73.0, 63.0, 61.0, 69.0, 67.0, 70.0, 74.0, 76.0, 65.0, 72.0, 78.0, 74.0, 74.0, 73.0, 66.0, 66.0, 70.0, 75.0, 67.0, 75.0, 64.0, 71.0, 72.0, 71.0, 63.0, 68.0, 60.0, 64.0, 72.0, 74.0, 63.0, 67.0, 69.0, 68.0, 72.0, 68.0, 70.0, 65.0, 66.0, 73.0, 59.0, 77.0, 73.0, 69.0, 70.0, 64.0, 64.0, 76.0, 64.0, 66.0, 67.0, 71.0, 68.0, 70.0, 69.0, 71.0, 73.0, 75.0, 67.0, 72.0, 63.0, 63.0, 73.0, 72.0, 73.0, 76.0, 65.0, 72.0, 70.0, 74.0, 75.0, 67.0, 63.0, 72.0, 66.0, 73.0, 71.0, 74.0, 73.0, 71.0, 74.0, 72.0, 75.0, 73.0, 61.0, 73.0, 74.0, 63.0, 80.0, 65.0, 62.0, 63.0, 75.0, 76.0, 78.0, 73.0, 70.0, 76.0, 62.0, 76.0, 76.0, 76.0, 69.0, 76.0, 71.0, 63.0, 65.0, 75.0, 72.0, 63.0, 69.0, 68.0, 65.0, 75.0, 71.0, 65.0, 70.0, 74.0, 69.0, 73.0, 76.0, 69.0, 69.0, 71.0, 71.0, 64.0, 73.0, 63.0, 75.0, 68.0, 65.0, 75.0, 69.0, 71.0, 68.0, 77.0, 73.0, 67.0, 75.0, 69.0, 67.0, 73.0, 63.0, 70.0, 68.0, 74.0, 70.0, 100.0, 64.0]
	avg_exp0_samples: [1.0, 0.0, 1.0, 1.0, 0.0, 1.0, 1.0, 1.0, 1.0, 1.0, 1.0, 1.0, 1.0, 1.0, 1.0, 0.0, 1.0, 1.0, 1.0, 1.0, 1.0, 0.0, 1.0, 1.0, 1.0, 1.0, 1.0, 1.0, 1.0, 1.0, 1.0, 1.0, 1.0, 1.0, 1.0, 1.0, 1.0, 1.0, 1.0, 0.0, 1.0, 1.0, 0.0, 1.0, 1.0, 1.0, 1.0, 1.0, 1.0, 1.0, 1.0, 1.0, 1.0, 1.0, 1.0, 1.0, 1.0, 1.0, 1.0, 1.0, 1.0, 1.0, 1.0, 1.0, 1.0, 1.0, 1.0, 1.0, 1.0, 1.0, 1.0, 0.0, 1.0, 1.0, 1.0, 1.0, 1.0, 1.0, 1.0, 1.0, 1.0, 1.0, 1.0, 1.0, 1.0, 1.0, 1.0, 1.0, 1.0, 1.0, 1.0, 1.0, 1.0, 1.0, 1.0, 1.0, 1.0, 1.0, 1.0, 1.0, 1.0, 1.0, 1.0, 1.0, 1.0, 1.0, 1.0, 1.0, 1.0, 1.0, 1.0, 1.0, 1.0, 1.0, 1.0, 1.0, 1.0, 1.0, 1.0, 1.0, 1.0, 1.0, 1.0, 1.0, 1.0, 1.0, 1.0, 1.0, 1.0, 1.0, 1.0, 1.0, 1.0, 1.0, 1.0, 1.0, 1.0, 1.0, 1.0, 1.0, 1.0, 1.0, 1.0, 1.0, 1.0, 1.0, 1.0, 1.0, 1.0, 1.0, 1.0, 1.0, 1.0, 1.0, 1.0, 1.0, 1.0, 1.0, 1.0, 1.0, 1.0, 1.0, 1.0, 1.0, 1.0, 1.0, 1.0, 1.0, 1.0, 1.0, 1.0, 1.0, 1.0, 1.0, 1.0, 1.0, 1.0, 1.0, 1.0, 1.0, 1.0, 1.0, 1.0, 1.0, 1.0, 1.0, 1.0, 1.0, 1.0, 1.0, 1.0, 1.0, 1.0, 1.0, 1.0, 1.0, 1.0, 1.0, 1.0, 1.0, 1.0, 1.0, 1.0, 1.0, 1.0, 1.0, 1.0, 1.0, 1.0, 1.0, 1.0, 1.0, 1.0, 1.0, 1.0, 1.0, 1.0, 1.0, 1.0, 1.0, 1.0, 1.0, 1.0, 1.0, 1.0, 1.0, 1.0, 1.0, 1.0, 1.0, 1.0, 1.0, 1.0, 1.0, 1.0, 1.0, 1.0, 1.0, 1.0, 1.0, 1.0, 1.0, 1.0, 1.0, 1.0, 1.0, 1.0, 1.0, 1.0, 1.0, 1.0, 1.0, 1.0, 1.0, 1.0, 1.0, 1.0, 1.0, 1.0, 1.0, 1.0, 1.0, 1.0, 1.0, 1.0, 1.0, 1.0, 1.0, 1.0, 1.0, 1.0, 1.0, 1.0, 1.0, 1.0, 1.0, 1.0, 1.0, 1.0, 1.0, 1.0, 1.0, 1.0, 1.0, 1.0, 1.0, 1.0, 1.0, 1.0, 1.0, 1.0, 1.0, 1.0, 1.0, 1.0, 1.0, 1.0, 1.0, 1.0, 1.0, 1.0, 1.0, 1.0, 1.0, 1.0, 1.0, 1.0, 1.0, 1.0, 1.0, 1.0, 1.0, 1.0, 1.0, 1.0, 1.0, 1.0, 1.0, 1.0, 1.0, 1.0, 1.0, 1.0, 1.0, 1.0, 1.0, 1.0, 1.0, 1.0, 1.0, 1.0, 1.0, 1.0, 1.0, 1.0, 1.0, 1.0, 1.0, 1.0, 1.0, 1.0, 1.0, 1.0, 1.0, 1.0, 1.0, 1.0, 1.0, 1.0, 1.0, 1.0, 1.0, 1.0, 1.0, 1.0, 1.0, 1.0, 1.0, 1.0, 1.0, 1.0, 1.0, 1.0, 1.0, 1.0, 1.0, 1.0, 1.0, 1.0, 1.0, 1.0, 1.0, 1.0, 1.0, 1.0, 1.0, 1.0, 1.0, 1.0, 1.0, 1.0, 1.0, 1.0, 1.0, 1.0, 1.0, 1.0, 1.0, 1.0, 1.0, 1.0, 1.0, 1.0, 1.0, 1.0, 1.0, 1.0, 1.0, 1.0, 1.0, 1.0, 1.0, 1.0, 1.0, 1.0, 1.0, 1.0, 1.0, 1.0, 1.0, 1.0, 1.0, 1.0, 1.0, 1.0, 1.0, 1.0, 1.0, 1.0, 1.0, 1.0, 1.0, 1.0, 1.0, 1.0, 1.0, 1.0, 1.0, 1.0, 1.0, 1.0, 1.0, 1.0, 1.0, 1.0, 1.0, 1.0, 1.0, 1.0, 1.0, 1.0, 1.0, 1.0, 1.0, 1.0, 1.0, 1.0, 1.0, 1.0, 1.0, 1.0, 1.0, 1.0, 1.0, 1.0, 1.0, 1.0, 1.0, 1.0, 1.0, 1.0, 1.0, 1.0, 1.0, 1.0, 1.0, 1.0, 1.0, 1.0, 1.0, 1.0, 1.0, 1.0, 1.0, 1.0, 1.0, 1.0, 1.0, 1.0, 1.0, 1.0, 1.0, 1.0, 1.0, 1.0, 1.0, 1.0, 1.0, 1.0, 1.0, 1.0, 1.0, 1.0, 1.0, 1.0, 1.0, 1.0, 1.0, 1.0, 1.0, 1.0, 1.0, 1.0, 1.0, 1.0, 1.0, 1.0, 1.0, 1.0, 1.0, 1.0, 1.0, 1.0, 1.0, 1.0, 1.0, 1.0, 1.0, 1.0, 1.0, 1.0, 1.0, 1.0, 1.0, 1.0, 1.0, 1.0, 1.0, 1.0, 1.0, 1.0, 1.0, 1.0, 1.0, 1.0, 1.0, 1.0, 1.0, 1.0, 1.0, 1.0, 1.0, 1.0, 1.0, 1.0, 1.0, 1.0, 1.0, 1.0, 1.0, 1.0, 1.0, 1.0, 1.0, 1.0, 1.0, 1.0, 1.0, 1.0, 1.0, 1.0, 1.0, 1.0, 1.0, 1.0, 1.0, 1.0, 1.0, 1.0, 1.0, 1.0, 1.0, 1.0, 1.0, 1.0, 1.0, 1.0, 1.0, 1.0, 1.0, 1.0, 1.0, 1.0, 1.0, 1.0, 1.0, 1.0, 1.0, 1.0, 1.0, 1.0, 1.0, 1.0, 1.0, 1.0, 1.0, 1.0, 1.0, 1.0, 1.0, 1.0, 1.0, 1.0, 1.0, 1.0, 1.0, 1.0, 1.0, 1.0, 1.0, 1.0, 1.0, 1.0, 1.0, 1.0, 1.0, 1.0, 1.0, 1.0, 1.0, 1.0, 1.0, 1.0, 1.0, 1.0, 1.0, 1.0, 1.0, 1.0, 1.0, 1.0, 1.0, 1.0, 1.0, 1.0, 1.0, 1.0, 1.0, 1.0, 1.0, 1.0, 1.0, 1.0, 1.0, 1.0, 1.0, 1.0, 1.0, 1.0, 1.0, 1.0, 1.0, 1.0, 1.0, 1.0, 1.0, 1.0, 1.0, 1.0, 1.0, 1.0, 1.0, 1.0, 1.0, 1.0, 1.0, 1.0, 1.0, 1.0, 1.0, 1.0, 1.0, 1.0, 1.0, 1.0, 1.0, 1.0, 1.0, 1.0, 1.0, 1.0, 1.0, 1.0, 1.0, 1.0, 1.0, 1.0, 1.0, 1.0, 1.0, 1.0, 1.0, 1.0, 1.0, 1.0, 1.0, 1.0, 1.0, 1.0, 1.0, 1.0, 1.0, 1.0, 1.0, 1.0, 1.0, 1.0, 1.0, 1.0, 1.0, 1.0, 1.0, 1.0, 1.0, 1.0, 1.0, 1.0, 1.0, 1.0, 1.0, 1.0, 1.0, 1.0, 1.0, 1.0, 1.0, 1.0, 1.0, 1.0, 1.0, 1.0, 1.0, 1.0, 1.0, 1.0, 1.0, 1.0, 1.0, 1.0, 1.0, 1.0, 1.0, 1.0, 1.0, 1.0, 1.0, 1.0, 1.0, 1.0, 1.0, 1.0, 1.0, 1.0, 1.0, 1.0, 1.0, 1.0, 1.0, 1.0, 1.0, 1.0, 1.0, 1.0, 1.0, 1.0, 1.0, 1.0, 1.0, 1.0, 1.0, 1.0, 1.0, 1.0, 1.0, 1.0, 1.0, 1.0, 1.0, 1.0, 1.0, 1.0, 1.0, 1.0, 1.0, 1.0, 1.0, 1.0, 1.0, 1.0, 1.0, 1.0, 1.0, 1.0, 1.0, 1.0, 1.0, 1.0, 1.0, 1.0, 1.0, 1.0, 1.0, 1.0, 1.0, 1.0, 1.0, 1.0, 1.0, 1.0, 1.0, 1.0, 1.0, 1.0, 1.0, 1.0, 1.0, 1.0, 1.0, 1.0, 1.0, 1.0, 1.0, 1.0, 1.0, 1.0, 1.0, 1.0, 1.0, 1.0, 1.0, 1.0, 1.0, 1.0, 1.0, 1.0, 1.0, 1.0, 1.0, 1.0, 1.0, 1.0, 1.0, 1.0, 1.0, 1.0, 1.0, 1.0, 1.0, 1.0, 1.0, 1.0, 1.0, 1.0, 1.0, 1.0, 1.0, 1.0, 1.0, 1.0, 1.0, 1.0, 1.0, 1.0, 1.0, 1.0, 1.0, 1.0, 1.0, 1.0, 1.0, 1.0, 1.0, 1.0, 1.0, 1.0, 1.0, 1.0, 1.0, 1.0, 1.0, 1.0, 1.0, 1.0, 1.0, 1.0, 1.0, 1.0, 1.0, 1.0, 1.0, 1.0, 1.0, 1.0, 1.0, 1.0, 1.0, 1.0, 1.0, 1.0, 1.0, 1.0, 1.0, 1.0, 1.0, 1.0, 1.0, 1.0, 1.0, 1.0, 1.0, 1.0, 1.0, 1.0, 1.0, 1.0, 1.0, 1.0, 1.0, 1.0, 1.0, 1.0, 1.0, 1.0, 1.0, 1.0, 1.0, 1.0, 1.0, 1.0, 1.0, 1.0, 1.0, 1.0, 1.0, 1.0, 1.0, 1.0, 1.0, 1.0, 1.0, 1.0, 1.0, 1.0, 1.0, 1.0, 1.0, 1.0, 1.0, 1.0, 1.0, 1.0, 1.0, 1.0, 1.0, 1.0, 1.0, 1.0, 1.0, 1.0, 1.0, 1.0, 1.0, 1.0, 1.0, 1.0, 1.0, 1.0, 1.0, 1.0, 1.0, 1.0, 1.0, 1.0, 1.0, 1.0, 1.0, 1.0, 1.0, 1.0, 1.0, 1.0, 1.0, 1.0, 1.0, 1.0, 1.0, 1.0, 1.0, 1.0, 1.0, 1.0, 1.0, 1.0, 1.0, 1.0, 1.0, 1.0, 1.0, 1.0, 1.0, 1.0, 1.0, 1.0, 1.0, 1.0, 1.0, 1.0, 1.0, 1.0, 1.0, 1.0, 1.0, 1.0, 1.0, 1.0, 1.0, 1.0, 1.0, 1.0, 1.0, 1.0, 1.0, 1.0, 1.0, 1.0, 1.0, 1.0, 1.0, 1.0, 1.0, 1.0, 1.0, 1.0, 1.0, 1.0, 1.0, 1.0, 1.0, 1.0, 1.0, 1.0, 1.0, 1.0, 1.0, 1.0, 1.0, 1.0, 1.0, 1.0, 1.0, 1.0, 1.0, 1.0, 1.0, 1.0, 1.0, 1.0, 1.0, 1.0, 1.0, 1.0, 1.0, 1.0, 1.0, 1.0, 1.0, 1.0, 1.0, 1.0, 1.0, 1.0, 1.0, 1.0, 1.0, 1.0, 1.0, 1.0, 1.0, 1.0, 1.0, 1.0, 1.0, 1.0, 1.0, 1.0, 1.0, 1.0, 1.0, 1.0, 1.0, 1.0, 1.0, 1.0, 1.0, 1.0, 1.0, 1.0, 1.0, 1.0, 1.0, 1.0, 1.0, 1.0, 1.0, 1.0, 1.0, 1.0, 1.0, 1.0, 1.0, 1.0, 1.0, 1.0, 1.0, 1.0, 1.0, 1.0, 1.0, 1.0, 1.0, 1.0, 1.0, 1.0, 1.0, 1.0, 1.0, 1.0, 1.0, 1.0, 1.0, 1.0, 1.0, 1.0, 1.0, 1.0, 1.0, 1.0, 1.0, 1.0, 1.0, 1.0, 1.0, 1.0, 1.0, 1.0, 1.0, 1.0, 1.0, 1.0, 1.0, 1.0, 1.0, 1.0, 1.0, 1.0, 1.0, 1.0, 1.0, 1.0, 1.0, 1.0, 1.0, 1.0, 1.0, 1.0, 1.0, 1.0, 1.0, 1.0, 1.0, 1.0, 1.0, 1.0, 1.0, 1.0, 1.0, 1.0, 1.0, 1.0, 1.0, 1.0, 1.0, 1.0, 1.0, 1.0, 1.0, 1.0, 1.0, 1.0, 1.0, 1.0, 1.0, 1.0, 1.0, 1.0, 1.0, 1.0, 1.0, 1.0, 1.0, 1.0, 1.0, 1.0, 1.0, 1.0, 1.0, 1.0, 1.0, 1.0, 1.0, 1.0, 1.0, 1.0, 1.0, 1.0, 1.0, 1.0, 1.0, 1.0, 1.0, 1.0, 1.0, 1.0, 1.0, 1.0, 1.0, 1.0, 1.0, 1.0, 1.0, 1.0, 1.0, 1.0, 1.0, 1.0, 1.0, 1.0, 1.0, 1.0, 1.0, 1.0, 1.0, 1.0, 1.0, 1.0, 1.0, 1.0, 1.0, 1.0, 1.0, 1.0, 1.0, 1.0, 1.0, 1.0, 1.0, 1.0, 1.0, 1.0, 1.0, 1.0, 1.0, 1.0, 1.0, 1.0, 1.0, 1.0, 1.0, 1.0, 1.0, 1.0, 1.0, 1.0, 1.0, 1.0, 1.0, 1.0, 1.0, 1.0, 1.0, 1.0, 1.0, 1.0, 1.0, 1.0, 1.0, 1.0, 1.0, 1.0, 1.0, 1.0, 1.0, 1.0, 1.0, 1.0, 1.0, 1.0, 1.0, 1.0, 1.0, 1.0, 1.0, 1.0, 1.0, 1.0, 1.0, 1.0, 1.0, 1.0, 1.0, 1.0, 1.0, 1.0, 1.0, 1.0, 1.0, 1.0, 1.0, 1.0, 1.0, 1.0, 1.0, 1.0, 1.0, 1.0, 1.0, 1.0, 1.0, 1.0, 1.0, 1.0, 1.0, 1.0, 1.0, 1.0, 1.0, 1.0, 1.0, 1.0, 1.0, 1.0, 1.0, 1.0, 1.0, 1.0, 1.0, 1.0, 1.0, 1.0, 1.0, 1.0, 1.0, 1.0, 1.0, 1.0, 1.0, 1.0, 1.0, 1.0, 1.0, 1.0, 1.0, 1.0, 1.0, 1.0, 1.0, 1.0, 1.0, 1.0, 1.0, 1.0, 1.0, 1.0, 1.0, 1.0, 1.0, 1.0, 1.0, 1.0, 1.0, 1.0, 1.0, 1.0, 1.0, 1.0, 1.0, 1.0, 1.0, 1.0, 1.0, 1.0, 1.0, 1.0, 1.0, 1.0, 1.0, 1.0, 1.0, 1.0, 1.0, 1.0, 1.0, 1.0, 1.0, 1.0, 1.0, 1.0, 1.0, 1.0, 1.0, 1.0, 1.0, 1.0, 1.0, 1.0, 1.0, 1.0, 1.0, 1.0, 1.0, 1.0, 1.0, 1.0, 1.0, 1.0, 1.0, 1.0, 1.0, 1.0, 1.0, 1.0, 1.0, 1.0, 1.0, 1.0, 1.0, 1.0, 1.0, 1.0, 1.0, 1.0, 1.0, 1.0, 1.0, 1.0, 1.0, 1.0, 1.0, 1.0, 1.0, 1.0, 1.0, 1.0, 1.0, 1.0, 1.0, 1.0, 1.0, 1.0, 1.0, 1.0, 1.0, 1.0, 1.0, 1.0, 1.0, 1.0, 1.0, 1.0, 1.0, 1.0, 1.0, 1.0, 1.0, 1.0, 1.0, 1.0, 1.0, 1.0, 1.0, 1.0, 1.0, 1.0, 1.0, 1.0, 1.0, 1.0, 1.0, 1.0, 1.0, 1.0, 1.0, 1.0, 1.0, 1.0, 1.0, 1.0, 1.0, 1.0, 1.0, 1.0, 1.0, 1.0, 1.0, 1.0, 1.0, 1.0, 1.0, 1.0, 1.0, 1.0, 1.0, 1.0, 1.0, 1.0, 1.0, 1.0, 1.0, 1.0, 1.0, 1.0, 1.0, 1.0, 1.0, 1.0, 1.0, 1.0, 1.0, 1.0, 1.0, 1.0, 1.0, 1.0, 1.0, 1.0, 1.0, 1.0, 1.0, 1.0, 1.0, 1.0, 1.0, 1.0, 1.0, 1.0, 1.0, 1.0, 1.0, 1.0, 1.0, 1.0, 1.0, 1.0, 1.0, 1.0, 1.0, 1.0, 1.0, 1.0, 1.0, 1.0, 1.0, 1.0, 1.0, 1.0, 1.0, 1.0, 1.0, 1.0, 1.0, 1.0, 1.0, 1.0, 1.0, 1.0, 1.0, 1.0, 1.0, 1.0, 1.0, 1.0, 1.0, 1.0, 1.0, 1.0, 1.0, 1.0, 1.0, 1.0, 1.0, 1.0, 1.0, 1.0, 1.0, 1.0, 1.0, 1.0, 1.0, 1.0, 1.0, 1.0, 1.0, 1.0, 1.0, 1.0, 1.0, 1.0, 1.0, 1.0, 1.0, 1.0, 1.0, 1.0, 1.0, 1.0, 1.0, 1.0, 1.0, 1.0, 1.0, 1.0, 1.0, 1.0, 1.0, 1.0, 1.0, 1.0, 1.0, 1.0, 1.0, 1.0, 1.0, 1.0, 1.0, 1.0, 1.0, 1.0, 1.0, 1.0, 1.0, 1.0, 1.0, 1.0, 1.0, 1.0, 1.0, 1.0, 1.0, 1.0, 1.0, 1.0, 1.0, 1.0, 1.0, 1.0, 1.0, 1.0, 1.0, 1.0, 1.0, 1.0, 1.0, 1.0, 1.0, 1.0, 1.0, 1.0, 1.0, 1.0, 1.0, 1.0, 1.0, 1.0, 1.0, 1.0, 1.0, 1.0, 1.0, 1.0, 1.0, 1.0, 1.0, 1.0, 1.0, 1.0, 1.0, 1.0, 1.0, 1.0, 1.0, 1.0, 1.0, 1.0, 1.0, 1.0, 1.0, 1.0, 1.0, 1.0, 1.0, 1.0, 1.0, 1.0, 1.0, 1.0, 1.0, 1.0, 1.0, 1.0, 1.0, 1.0, 1.0, 1.0, 1.0, 1.0, 1.0, 1.0, 1.0, 1.0, 1.0, 1.0, 1.0, 1.0, 1.0, 1.0, 1.0, 1.0, 1.0, 1.0, 1.0, 1.0, 1.0, 1.0, 1.0, 1.0, 1.0, 1.0, 1.0, 1.0, 1.0, 1.0, 1.0, 1.0, 1.0, 1.0, 1.0, 1.0, 1.0, 1.0, 1.0, 1.0, 1.0, 1.0, 1.0, 1.0, 1.0, 1.0, 1.0, 1.0, 1.0, 1.0, 1.0, 1.0, 1.0, 1.0, 1.0, 1.0, 1.0, 1.0, 1.0, 1.0, 1.0, 1.0, 1.0, 1.0, 1.0, 1.0, 1.0, 1.0, 1.0, 1.0, 1.0, 1.0, 1.0, 1.0, 1.0, 1.0, 1.0, 1.0, 1.0, 1.0, 1.0, 1.0, 1.0, 1.0, 1.0, 1.0, 1.0, 1.0, 1.0, 1.0, 1.0, 1.0, 1.0, 1.0, 1.0, 1.0, 1.0, 1.0, 1.0, 1.0, 1.0, 1.0, 1.0, 1.0, 1.0, 1.0, 1.0, 1.0, 1.0, 1.0, 1.0, 1.0, 1.0, 1.0, 1.0, 1.0, 1.0, 1.0, 1.0, 1.0, 1.0, 1.0, 1.0, 1.0, 1.0, 1.0, 1.0, 1.0, 1.0, 1.0, 1.0, 1.0, 1.0, 1.0, 1.0, 1.0, 1.0, 1.0, 1.0, 1.0, 1.0, 1.0, 1.0, 1.0, 1.0, 1.0, 1.0, 1.0, 1.0, 1.0, 1.0, 1.0, 1.0, 1.0, 1.0, 1.0, 1.0, 1.0, 1.0, 1.0, 1.0, 1.0, 1.0, 1.0, 1.0, 1.0, 1.0, 1.0, 1.0, 1.0, 1.0, 1.0, 1.0, 1.0, 1.0, 1.0, 1.0, 1.0, 1.0, 1.0, 1.0, 1.0, 1.0, 1.0, 1.0, 1.0, 1.0, 1.0, 1.0, 1.0, 1.0, 1.0, 1.0, 1.0, 1.0, 1.0, 1.0, 1.0, 1.0, 1.0, 1.0, 1.0, 1.0, 1.0, 1.0, 1.0, 1.0, 1.0, 1.0, 1.0, 1.0, 1.0, 1.0, 1.0, 1.0, 1.0, 1.0, 1.0, 1.0, 1.0, 1.0, 1.0, 1.0, 1.0, 1.0, 1.0, 1.0, 1.0, 1.0, 1.0, 1.0, 1.0, 1.0, 1.0, 1.0, 1.0, 1.0, 1.0, 1.0, 1.0, 1.0, 1.0, 1.0, 1.0, 1.0, 1.0, 1.0, 1.0, 1.0, 1.0, 1.0, 1.0, 1.0, 1.0, 1.0, 1.0, 1.0, 1.0, 1.0, 1.0, 1.0, 1.0, 1.0, 1.0, 1.0, 1.0, 1.0, 1.0, 1.0, 1.0, 1.0, 1.0, 1.0, 1.0, 1.0, 1.0, 1.0, 1.0, 1.0, 1.0, 1.0, 1.0, 1.0, 1.0, 1.0, 1.0, 1.0, 1.0, 1.0, 1.0, 1.0, 1.0, 1.0, 1.0, 1.0, 1.0, 1.0, 1.0, 1.0, 1.0, 1.0, 1.0, 1.0, 1.0, 1.0, 1.0, 1.0, 1.0, 1.0, 1.0, 1.0, 1.0, 1.0, 1.0, 1.0, 1.0, 1.0, 1.0, 1.0, 1.0, 1.0, 1.0, 1.0, 1.0, 1.0, 1.0, 1.0, 1.0, 1.0, 1.0, 1.0, 1.0, 1.0, 1.0, 1.0, 1.0, 1.0, 1.0, 1.0, 1.0, 1.0, 1.0, 1.0, 1.0, 1.0, 1.0, 1.0, 1.0, 1.0, 1.0, 1.0, 1.0, 1.0, 1.0, 1.0, 1.0, 1.0, 1.0, 1.0, 1.0, 1.0, 1.0, 1.0, 1.0, 1.0, 1.0, 1.0, 1.0, 1.0, 1.0, 1.0, 1.0, 1.0, 1.0, 1.0, 1.0, 1.0, 1.0, 1.0, 1.0, 1.0, 1.0, 1.0, 1.0, 1.0, 1.0, 1.0, 1.0, 1.0, 1.0, 1.0, 1.0, 1.0, 1.0, 1.0, 1.0, 1.0, 1.0, 1.0, 1.0, 1.0, 1.0, 1.0, 1.0, 1.0, 1.0, 1.0, 1.0, 1.0, 1.0, 1.0, 1.0, 1.0, 1.0, 1.0, 1.0, 1.0, 1.0, 1.0, 1.0, 1.0, 1.0, 1.0, 1.0, 1.0, 1.0, 1.0, 1.0, 1.0, 1.0, 1.0, 1.0, 1.0, 1.0, 1.0, 1.0, 1.0, 1.0, 1.0, 1.0, 1.0, 1.0, 1.0, 1.0, 1.0, 1.0, 1.0, 1.0, 1.0, 1.0, 1.0, 1.0, 1.0, 1.0, 1.0, 1.0, 1.0, 1.0, 1.0, 1.0, 1.0, 1.0, 1.0, 1.0, 1.0, 1.0, 1.0, 1.0, 1.0, 1.0, 1.0, 1.0, 1.0, 1.0, 1.0, 1.0, 1.0, 1.0, 1.0, 1.0, 1.0, 1.0, 1.0, 1.0, 1.0, 1.0, 1.0, 1.0, 1.0, 1.0, 1.0, 1.0, 1.0, 1.0, 1.0, 1.0, 1.0, 1.0, 1.0, 1.0, 1.0, 1.0, 1.0, 1.0, 1.0, 1.0, 1.0, 1.0, 1.0, 1.0, 1.0, 1.0, 1.0, 1.0, 1.0, 1.0, 1.0, 1.0, 1.0, 1.0, 1.0, 1.0, 1.0, 1.0, 1.0, 1.0, 1.0, 1.0, 1.0, 1.0, 1.0, 1.0, 1.0, 1.0, 1.0, 1.0, 1.0, 1.0, 1.0, 1.0, 1.0, 1.0, 1.0, 1.0, 1.0, 1.0, 1.0, 1.0, 1.0, 1.0, 1.0, 1.0, 1.0, 1.0, 1.0, 1.0, 1.0, 1.0, 1.0, 1.0, 1.0, 1.0, 1.0, 1.0, 1.0, 1.0, 1.0, 1.0, 1.0, 1.0, 1.0, 1.0, 1.0, 1.0, 1.0, 1.0, 1.0, 1.0, 1.0, 1.0, 1.0, 1.0, 1.0, 1.0, 1.0, 1.0, 1.0, 1.0, 1.0, 1.0, 1.0, 1.0, 1.0, 1.0, 1.0, 1.0, 1.0, 1.0, 1.0, 1.0, 1.0, 1.0, 1.0, 1.0, 1.0, 1.0, 1.0, 1.0, 1.0, 1.0, 1.0, 1.0, 1.0, 1.0, 1.0, 1.0, 1.0, 1.0, 1.0, 1.0, 1.0, 1.0, 1.0, 1.0, 1.0, 1.0, 1.0, 1.0, 1.0, 1.0, 1.0, 1.0, 1.0, 1.0, 1.0, 1.0, 1.0, 1.0, 1.0, 1.0, 1.0, 1.0, 1.0, 1.0, 1.0, 1.0, 1.0, 1.0, 1.0, 1.0, 1.0, 1.0, 1.0, 1.0, 1.0, 1.0, 1.0, 1.0, 1.0, 1.0, 1.0, 1.0, 1.0, 1.0, 1.0, 1.0, 1.0, 1.0, 1.0, 1.0, 1.0, 1.0, 1.0, 1.0, 1.0, 1.0, 1.0, 1.0, 1.0, 1.0, 1.0, 1.0, 1.0, 1.0, 1.0, 1.0, 1.0, 1.0, 1.0, 1.0, 1.0, 1.0, 1.0, 1.0, 1.0, 1.0, 1.0, 1.0, 1.0, 1.0, 1.0, 1.0, 1.0, 1.0, 1.0, 1.0, 1.0, 1.0, 1.0, 1.0, 1.0, 1.0, 1.0, 1.0, 1.0, 1.0, 1.0, 1.0, 1.0, 1.0, 1.0, 1.0, 1.0, 1.0, 1.0, 1.0, 1.0, 1.0, 1.0, 1.0, 1.0, 1.0, 1.0, 1.0, 1.0, 1.0, 1.0, 1.0, 1.0, 1.0, 1.0, 1.0, 1.0, 1.0, 1.0, 1.0, 1.0, 1.0, 1.0, 1.0, 1.0, 1.0, 1.0, 1.0, 1.0, 1.0, 1.0, 1.0, 1.0, 1.0, 1.0, 1.0, 1.0, 1.0, 1.0, 1.0, 1.0, 1.0, 1.0, 1.0, 1.0, 1.0, 1.0, 1.0, 1.0, 1.0, 1.0, 1.0, 1.0, 1.0, 1.0, 1.0, 1.0, 1.0, 1.0, 1.0, 1.0, 1.0, 1.0, 1.0, 1.0, 1.0, 1.0, 1.0, 1.0, 1.0, 1.0, 1.0, 1.0, 1.0, 1.0, 1.0, 1.0, 1.0, 1.0, 1.0, 1.0, 1.0, 1.0, 1.0, 1.0, 1.0, 1.0, 1.0, 1.0, 1.0, 1.0, 1.0, 1.0, 1.0, 1.0, 1.0, 1.0, 1.0, 1.0, 1.0, 1.0, 1.0, 1.0, 1.0, 1.0, 1.0, 1.0, 1.0, 1.0, 1.0, 1.0, 1.0, 1.0, 1.0, 1.0, 1.0, 1.0, 1.0, 1.0, 1.0, 1.0, 1.0, 1.0, 1.0, 1.0, 1.0, 1.0, 1.0, 1.0, 1.0, 1.0, 1.0, 1.0, 1.0, 1.0, 1.0, 1.0, 1.0, 1.0, 1.0, 1.0, 1.0, 1.0, 1.0, 1.0, 1.0, 1.0, 1.0, 1.0, 1.0, 1.0, 1.0, 1.0, 1.0, 1.0, 1.0, 1.0, 1.0, 1.0, 1.0, 1.0, 1.0, 1.0, 1.0, 1.0, 1.0, 1.0, 1.0, 1.0, 1.0, 1.0, 1.0, 1.0, 1.0, 1.0, 1.0, 1.0, 1.0, 1.0, 1.0, 1.0, 1.0, 1.0, 1.0, 1.0, 1.0, 1.0, 1.0, 1.0, 1.0, 1.0, 1.0, 1.0, 1.0, 1.0, 1.0, 1.0, 1.0, 1.0, 1.0, 1.0, 1.0, 1.0, 1.0, 1.0, 1.0, 1.0, 1.0, 1.0, 1.0, 1.0, 1.0, 1.0, 1.0, 1.0, 1.0, 1.0, 1.0, 1.0, 1.0, 1.0, 1.0, 1.0, 1.0, 1.0, 1.0, 1.0, 1.0, 1.0, 1.0, 1.0, 1.0, 1.0, 1.0, 1.0, 1.0, 1.0, 1.0, 1.0, 1.0, 1.0, 1.0, 1.0, 1.0, 1.0, 1.0, 1.0, 1.0, 1.0, 1.0, 1.0, 1.0, 1.0, 1.0, 1.0, 1.0, 1.0, 1.0, 1.0, 1.0, 1.0, 1.0, 1.0, 1.0, 1.0, 1.0, 1.0, 1.0, 1.0, 1.0, 1.0, 1.0, 1.0, 1.0, 1.0, 1.0, 1.0, 1.0, 1.0, 1.0, 1.0, 1.0, 1.0, 1.0, 1.0, 1.0, 1.0, 1.0, 1.0, 1.0, 1.0, 1.0, 1.0, 1.0, 1.0, 1.0, 1.0, 1.0, 1.0, 1.0, 1.0, 1.0, 1.0, 1.0, 1.0, 1.0, 1.0, 1.0, 1.0, 1.0, 1.0, 1.0, 1.0, 1.0, 1.0, 1.0, 1.0, 1.0, 1.0, 1.0, 1.0, 1.0, 1.0, 1.0, 1.0, 1.0, 1.0, 1.0, 1.0, 1.0, 1.0, 1.0, 1.0, 1.0, 1.0, 1.0, 1.0, 1.0, 1.0, 1.0, 1.0, 1.0, 1.0, 1.0, 1.0, 1.0, 1.0, 1.0, 1.0, 1.0, 1.0, 1.0, 1.0, 1.0, 1.0, 1.0, 1.0, 1.0, 1.0, 1.0, 1.0, 1.0, 1.0, 1.0, 1.0, 1.0, 1.0, 1.0, 1.0, 1.0, 1.0, 1.0, 1.0, 1.0, 1.0, 1.0, 1.0, 1.0, 1.0, 1.0, 1.0, 1.0, 1.0, 1.0, 1.0, 1.0, 1.0, 1.0, 1.0, 1.0, 1.0, 1.0, 1.0, 1.0, 1.0, 1.0, 1.0, 1.0, 1.0, 1.0, 1.0, 1.0, 1.0, 1.0, 1.0, 1.0, 1.0, 1.0, 1.0, 1.0, 1.0, 1.0, 1.0, 1.0, 1.0, 1.0, 1.0, 1.0, 1.0, 1.0, 1.0, 1.0, 1.0, 1.0, 1.0, 1.0, 1.0, 1.0, 1.0, 1.0, 1.0, 1.0, 1.0, 1.0, 1.0, 1.0, 1.0, 1.0, 1.0, 1.0, 1.0, 1.0, 1.0, 1.0, 1.0, 1.0, 1.0, 1.0, 1.0, 1.0, 1.0, 1.0, 1.0, 1.0, 1.0, 1.0, 1.0, 1.0, 1.0, 1.0, 1.0, 1.0, 1.0, 1.0, 1.0, 1.0, 1.0, 1.0, 1.0, 1.0, 1.0, 1.0, 1.0, 1.0, 1.0, 1.0, 1.0, 1.0, 1.0, 1.0, 1.0, 1.0, 1.0, 1.0, 1.0, 1.0, 1.0, 1.0, 1.0, 1.0, 1.0, 1.0, 1.0, 1.0, 1.0, 1.0, 1.0, 1.0, 1.0, 1.0, 1.0, 1.0, 1.0, 1.0, 1.0, 1.0, 1.0, 1.0, 1.0, 1.0, 1.0, 1.0, 1.0, 1.0, 1.0, 1.0, 1.0, 1.0, 1.0, 1.0, 1.0, 1.0, 1.0, 1.0, 1.0, 1.0, 1.0, 1.0, 1.0, 1.0, 1.0, 1.0, 1.0, 1.0, 1.0, 1.0, 1.0, 1.0, 1.0, 1.0, 1.0, 1.0, 1.0, 1.0, 1.0, 1.0, 1.0, 1.0, 1.0, 1.0, 1.0, 1.0, 1.0, 1.0, 1.0, 1.0, 1.0, 1.0, 1.0, 1.0, 1.0, 1.0, 1.0, 1.0, 1.0, 1.0, 1.0, 1.0, 1.0, 1.0, 1.0, 1.0, 1.0, 1.0, 1.0, 1.0, 1.0, 1.0, 1.0, 1.0, 1.0, 1.0, 1.0, 1.0, 1.0, 1.0, 1.0, 1.0, 1.0, 1.0, 1.0, 1.0, 1.0, 1.0, 1.0, 1.0, 1.0, 1.0, 1.0, 1.0, 1.0, 1.0, 1.0, 1.0, 1.0, 1.0, 1.0, 1.0, 1.0, 1.0, 1.0, 1.0, 1.0, 1.0, 1.0, 1.0, 1.0, 1.0, 1.0, 1.0, 1.0, 1.0, 1.0, 1.0, 1.0, 1.0, 1.0, 1.0, 1.0, 1.0, 1.0, 1.0, 1.0, 1.0, 1.0, 1.0, 1.0, 1.0, 1.0, 1.0, 1.0, 1.0, 1.0, 1.0, 1.0, 1.0, 1.0, 1.0, 1.0, 1.0, 1.0, 1.0, 1.0, 1.0, 1.0, 1.0, 1.0, 1.0, 1.0, 1.0, 1.0, 1.0, 1.0, 1.0, 1.0, 1.0, 1.0, 1.0, 1.0, 1.0, 1.0, 1.0, 1.0, 1.0, 1.0, 1.0, 1.0, 1.0, 1.0, 1.0, 1.0, 1.0, 1.0, 1.0, 1.0, 1.0, 1.0, 1.0, 1.0, 1.0, 1.0, 1.0, 1.0, 1.0, 1.0, 1.0, 1.0, 1.0, 1.0, 1.0, 1.0, 1.0, 1.0, 1.0, 1.0, 1.0, 1.0, 1.0, 1.0, 1.0, 1.0, 1.0, 1.0, 1.0, 1.0, 1.0, 1.0, 1.0, 1.0, 1.0, 1.0, 1.0, 1.0, 1.0, 1.0, 1.0, 1.0, 1.0, 1.0, 1.0, 1.0, 1.0, 1.0, 1.0, 1.0, 1.0, 1.0, 1.0, 1.0, 1.0, 1.0, 1.0, 1.0, 1.0, 1.0, 1.0, 1.0, 1.0, 1.0, 1.0, 1.0, 1.0, 1.0, 1.0, 1.0, 1.0, 1.0, 1.0, 1.0, 1.0, 1.0, 1.0, 1.0, 1.0, 1.0, 1.0, 1.0, 1.0, 1.0, 1.0, 1.0, 1.0, 1.0, 1.0, 1.0, 1.0, 1.0, 1.0, 1.0, 1.0, 1.0, 1.0, 1.0, 1.0, 1.0, 1.0, 1.0, 1.0, 1.0, 1.0, 1.0, 1.0, 1.0, 1.0, 1.0, 1.0, 1.0, 1.0, 1.0, 1.0, 1.0, 1.0, 1.0, 1.0, 1.0, 1.0, 1.0, 1.0, 1.0, 1.0, 1.0, 1.0, 1.0, 1.0, 1.0, 1.0, 1.0, 1.0, 1.0, 1.0, 1.0, 1.0, 1.0, 1.0, 1.0, 1.0, 1.0, 1.0, 1.0, 1.0, 1.0, 1.0, 1.0, 1.0, 1.0, 1.0, 1.0, 1.0, 1.0, 1.0, 1.0, 1.0, 1.0, 1.0, 1.0, 1.0, 1.0, 1.0, 1.0, 1.0, 1.0, 1.0, 1.0, 1.0, 1.0, 1.0, 1.0, 1.0, 1.0, 1.0, 1.0, 1.0, 1.0, 1.0, 1.0, 1.0, 1.0, 1.0, 1.0, 1.0, 1.0, 1.0, 1.0, 1.0, 1.0, 1.0, 1.0, 1.0, 1.0, 1.0, 1.0, 1.0, 1.0, 1.0, 1.0, 1.0, 1.0, 1.0, 1.0, 1.0, 1.0, 1.0, 1.0, 1.0, 1.0, 1.0, 1.0, 1.0, 1.0, 1.0, 1.0, 1.0, 1.0, 1.0, 1.0, 1.0, 1.0, 1.0, 1.0, 1.0, 1.0, 1.0, 1.0, 1.0, 1.0, 1.0, 1.0, 1.0, 1.0, 1.0, 1.0, 1.0, 1.0, 1.0, 1.0, 1.0, 1.0, 1.0, 1.0, 1.0, 1.0, 1.0, 1.0, 1.0, 1.0, 1.0, 1.0, 1.0, 1.0, 1.0, 1.0, 1.0, 1.0, 1.0, 1.0, 1.0, 1.0, 1.0, 1.0, 1.0, 1.0, 1.0, 1.0, 1.0, 1.0, 1.0, 1.0, 1.0, 1.0, 1.0, 1.0, 1.0, 1.0, 1.0, 1.0, 1.0, 1.0, 1.0, 1.0, 1.0, 1.0, 1.0, 1.0, 1.0, 1.0, 1.0, 1.0, 1.0, 1.0, 1.0, 1.0, 1.0, 1.0, 1.0, 1.0, 1.0, 1.0, 1.0, 1.0, 1.0, 1.0, 1.0, 1.0, 1.0, 1.0, 1.0, 1.0, 1.0, 1.0, 1.0, 1.0, 1.0, 1.0, 1.0, 1.0, 1.0, 1.0, 1.0, 1.0, 1.0, 1.0, 1.0, 1.0, 1.0, 1.0, 1.0, 1.0, 1.0, 1.0, 1.0, 1.0, 1.0, 1.0, 1.0, 1.0, 1.0, 1.0, 1.0, 1.0, 1.0, 1.0, 1.0, 1.0, 1.0, 1.0, 1.0, 1.0, 1.0, 1.0, 1.0, 1.0, 1.0, 1.0, 1.0, 1.0, 1.0, 1.0, 1.0, 1.0, 1.0, 1.0, 1.0, 1.0, 1.0, 1.0, 1.0, 1.0, 1.0, 1.0, 1.0, 1.0, 1.0, 1.0, 1.0, 1.0, 1.0, 1.0, 1.0, 1.0, 1.0, 1.0, 1.0, 1.0, 1.0, 1.0, 1.0, 1.0, 1.0, 1.0, 1.0, 1.0, 1.0, 1.0, 1.0, 1.0, 1.0, 1.0, 1.0, 1.0, 1.0, 1.0, 1.0, 1.0, 1.0, 1.0, 1.0, 1.0, 1.0, 1.0, 1.0, 1.0, 1.0, 1.0, 1.0, 1.0, 1.0, 1.0, 1.0, 1.0, 1.0, 1.0, 1.0, 1.0, 1.0, 1.0, 1.0, 1.0, 1.0, 1.0, 1.0, 1.0, 1.0, 1.0, 1.0, 1.0, 1.0, 1.0, 1.0, 1.0, 1.0, 1.0, 1.0, 1.0, 1.0, 1.0, 1.0, 1.0, 1.0, 1.0, 1.0, 1.0, 1.0, 1.0, 1.0, 1.0, 1.0, 1.0, 1.0, 1.0, 1.0, 1.0, 1.0, 1.0, 1.0, 1.0, 1.0, 1.0, 1.0, 1.0, 1.0, 1.0, 1.0, 1.0, 1.0, 1.0, 1.0, 1.0, 1.0, 1.0, 1.0, 1.0, 1.0, 1.0, 1.0, 1.0, 1.0, 1.0, 1.0, 1.0, 1.0, 1.0, 1.0, 1.0, 1.0, 1.0, 1.0, 1.0, 1.0, 1.0, 1.0, 1.0, 1.0, 1.0, 1.0, 1.0, 1.0, 1.0, 1.0, 1.0, 1.0, 1.0, 1.0, 1.0, 1.0, 1.0, 1.0, 1.0, 1.0, 1.0, 1.0, 1.0, 1.0, 1.0, 1.0, 1.0, 1.0, 1.0, 1.0, 1.0, 1.0, 1.0, 1.0, 1.0, 1.0, 1.0, 1.0, 1.0, 1.0, 1.0, 1.0, 1.0, 1.0, 1.0, 1.0, 1.0, 1.0, 1.0, 1.0, 1.0, 1.0, 1.0, 1.0, 1.0, 1.0, 1.0, 1.0, 1.0, 1.0, 1.0, 1.0, 1.0, 1.0, 1.0, 1.0, 1.0, 1.0, 1.0, 1.0, 1.0, 1.0, 1.0, 1.0, 1.0, 1.0, 1.0, 1.0, 1.0, 1.0, 1.0, 1.0, 1.0, 1.0, 1.0, 1.0, 1.0, 1.0, 1.0, 1.0, 1.0, 1.0, 1.0, 1.0, 1.0, 1.0, 1.0, 1.0, 1.0, 1.0, 1.0, 1.0, 1.0, 1.0, 1.0, 1.0, 1.0, 1.0, 1.0, 1.0, 1.0, 1.0, 1.0, 1.0, 1.0, 1.0, 1.0, 1.0, 1.0, 1.0, 1.0, 1.0, 1.0, 1.0, 1.0, 1.0, 1.0, 1.0, 1.0, 1.0, 1.0, 1.0, 1.0, 1.0, 1.0, 1.0, 1.0, 1.0, 1.0, 1.0, 1.0, 1.0, 1.0, 1.0, 1.0, 1.0, 1.0, 1.0, 1.0, 1.0, 1.0, 1.0, 1.0, 1.0, 1.0, 1.0, 1.0, 1.0, 1.0, 1.0, 1.0, 1.0, 1.0, 1.0, 1.0, 1.0, 1.0, 1.0, 1.0, 1.0, 1.0, 1.0, 1.0, 1.0, 1.0, 1.0, 1.0, 1.0, 1.0, 1.0, 1.0, 1.0, 1.0, 1.0, 1.0, 1.0, 1.0, 1.0, 1.0, 1.0, 1.0, 1.0, 1.0, 1.0, 1.0, 1.0, 1.0, 1.0, 1.0, 1.0, 1.0, 1.0, 1.0, 1.0, 1.0, 1.0, 1.0, 1.0, 1.0, 1.0, 1.0, 1.0, 1.0, 1.0, 1.0, 1.0, 1.0, 1.0, 1.0, 1.0, 1.0, 1.0, 1.0, 1.0, 1.0, 1.0, 1.0, 1.0, 1.0, 1.0, 1.0, 1.0, 1.0, 1.0, 1.0, 1.0, 1.0, 1.0, 1.0, 1.0, 1.0, 1.0, 1.0, 1.0, 1.0, 1.0, 1.0, 1.0, 1.0, 1.0, 1.0, 1.0, 1.0, 1.0, 1.0, 1.0, 1.0, 1.0, 1.0, 1.0, 1.0, 1.0, 1.0, 1.0, 1.0, 1.0, 1.0, 1.0, 1.0, 1.0, 1.0, 1.0, 1.0, 1.0, 1.0, 1.0, 1.0, 1.0, 1.0, 1.0, 1.0, 1.0, 1.0, 1.0, 1.0, 1.0, 1.0, 1.0, 1.0, 1.0, 1.0, 1.0, 1.0, 1.0, 1.0, 1.0, 1.0, 1.0, 1.0, 1.0, 1.0, 1.0, 1.0, 1.0, 1.0, 1.0, 1.0, 1.0, 1.0, 1.0, 1.0, 1.0, 1.0, 1.0, 1.0, 1.0, 1.0, 1.0, 1.0, 1.0, 1.0, 1.0, 1.0, 1.0, 1.0, 1.0, 1.0, 1.0, 1.0, 1.0, 1.0, 1.0, 1.0, 1.0, 1.0, 1.0, 1.0, 1.0, 1.0, 1.0, 1.0, 1.0, 1.0, 1.0, 1.0, 1.0, 1.0, 1.0, 1.0, 1.0, 1.0, 1.0, 1.0, 1.0, 1.0, 1.0, 1.0, 1.0, 1.0, 1.0, 1.0, 1.0, 1.0, 1.0, 1.0, 1.0, 1.0, 1.0, 1.0, 1.0, 1.0, 1.0, 1.0, 1.0, 1.0, 1.0, 1.0, 1.0, 1.0, 1.0, 1.0, 1.0, 1.0, 1.0, 1.0, 1.0, 1.0, 1.0, 1.0, 1.0, 1.0, 1.0, 1.0, 1.0, 1.0, 1.0, 1.0, 1.0, 1.0, 1.0, 1.0, 1.0, 1.0, 1.0, 1.0, 1.0, 1.0, 1.0, 1.0, 1.0, 1.0, 1.0, 1.0, 1.0, 1.0, 1.0, 1.0, 1.0, 1.0, 1.0, 1.0, 1.0, 1.0, 1.0, 1.0, 1.0, 1.0, 1.0, 1.0, 1.0, 1.0, 1.0, 1.0, 1.0, 1.0, 1.0, 1.0, 1.0, 1.0, 1.0, 1.0, 1.0, 1.0, 1.0, 1.0, 1.0, 1.0, 1.0, 1.0, 1.0, 1.0, 1.0, 1.0, 1.0, 1.0, 1.0, 1.0, 1.0, 1.0, 1.0, 1.0, 1.0, 1.0, 1.0, 1.0, 1.0, 1.0, 1.0, 1.0, 1.0, 1.0, 1.0, 1.0, 1.0, 1.0, 1.0, 1.0, 1.0, 1.0, 1.0, 1.0, 1.0, 1.0, 1.0, 1.0, 1.0, 1.0, 1.0, 1.0, 1.0, 1.0, 1.0, 1.0, 1.0, 1.0, 1.0, 1.0, 1.0, 1.0, 1.0, 1.0, 1.0, 1.0, 1.0, 1.0, 1.0, 1.0, 1.0, 1.0, 1.0, 1.0, 1.0, 1.0, 1.0, 1.0, 1.0, 1.0, 1.0, 1.0, 1.0, 1.0, 1.0, 1.0, 1.0, 1.0, 1.0, 1.0, 1.0, 1.0, 1.0, 1.0, 1.0, 1.0, 1.0, 1.0, 1.0, 1.0, 1.0, 1.0, 1.0, 1.0, 1.0, 1.0, 1.0, 1.0, 1.0, 1.0, 1.0, 1.0, 1.0, 1.0, 1.0, 1.0, 1.0, 1.0, 1.0, 1.0, 1.0, 1.0, 1.0, 1.0, 1.0, 1.0, 1.0, 1.0, 1.0, 1.0, 1.0, 1.0, 1.0, 1.0, 1.0, 1.0, 1.0, 1.0, 1.0, 1.0, 1.0, 1.0, 1.0, 1.0, 1.0, 1.0, 1.0, 1.0, 1.0, 1.0, 1.0, 1.0, 1.0, 1.0, 1.0, 1.0, 1.0, 1.0, 1.0, 1.0, 1.0, 1.0, 1.0, 1.0, 1.0, 1.0, 1.0, 1.0, 1.0, 1.0, 1.0, 1.0, 1.0, 1.0, 1.0, 1.0, 1.0, 1.0, 1.0, 1.0, 1.0, 1.0, 1.0, 1.0, 1.0, 1.0, 1.0, 1.0, 1.0, 1.0, 1.0, 1.0, 1.0, 1.0, 1.0, 1.0, 1.0, 1.0, 1.0, 1.0, 1.0, 1.0, 1.0, 1.0, 1.0, 1.0, 1.0, 1.0, 1.0, 1.0, 1.0, 1.0, 1.0, 1.0, 1.0, 1.0, 1.0, 1.0, 1.0, 1.0, 1.0, 1.0, 1.0, 1.0, 1.0, 1.0, 1.0, 1.0, 1.0, 1.0, 1.0, 1.0, 1.0, 1.0, 1.0, 1.0, 1.0, 1.0, 1.0, 1.0, 1.0, 1.0, 1.0, 1.0, 1.0, 1.0, 1.0, 1.0, 1.0, 1.0, 1.0, 1.0, 1.0, 1.0, 1.0, 1.0, 1.0, 1.0, 1.0, 1.0, 1.0, 1.0, 1.0, 1.0, 1.0, 1.0, 1.0, 1.0, 1.0, 1.0, 1.0, 1.0, 1.0, 1.0, 1.0, 1.0, 1.0, 1.0, 1.0, 1.0, 1.0, 1.0, 1.0, 1.0, 1.0, 1.0, 1.0, 1.0, 1.0, 1.0, 1.0, 1.0, 1.0, 1.0, 1.0, 1.0, 1.0, 1.0, 1.0, 1.0, 1.0, 1.0, 1.0, 1.0, 1.0, 1.0, 1.0, 1.0, 1.0, 1.0, 1.0, 1.0, 1.0, 1.0, 1.0, 1.0, 1.0, 1.0, 1.0, 1.0, 1.0, 1.0, 1.0, 1.0, 1.0, 1.0, 1.0, 1.0, 1.0, 1.0, 1.0, 1.0, 1.0, 1.0, 1.0, 1.0, 1.0, 1.0, 1.0, 1.0, 1.0, 1.0, 1.0, 1.0, 1.0, 1.0, 1.0, 1.0, 1.0, 1.0, 1.0, 1.0, 1.0, 1.0, 1.0, 1.0, 1.0, 1.0, 1.0, 1.0, 1.0, 1.0, 1.0, 1.0, 1.0, 1.0, 1.0, 1.0, 1.0, 1.0, 1.0, 1.0, 1.0, 1.0, 1.0, 1.0, 1.0, 1.0, 1.0, 1.0, 1.0, 1.0, 1.0, 1.0, 1.0, 1.0, 1.0, 1.0, 1.0, 1.0, 1.0, 1.0, 1.0, 1.0, 1.0, 1.0, 1.0, 1.0, 1.0, 1.0, 1.0, 1.0, 1.0, 1.0, 1.0, 1.0, 1.0, 1.0, 1.0, 1.0, 1.0, 1.0, 1.0, 1.0, 1.0, 1.0, 1.0, 1.0, 1.0, 1.0, 1.0, 1.0, 1.0, 1.0, 1.0, 1.0, 1.0, 1.0, 1.0, 1.0, 1.0, 1.0, 1.0, 1.0, 1.0, 1.0, 1.0, 1.0, 1.0, 1.0, 1.0, 1.0, 1.0, 1.0, 1.0, 1.0, 1.0, 1.0, 1.0, 1.0, 1.0, 1.0, 1.0, 1.0, 1.0, 1.0, 1.0, 1.0, 1.0, 1.0, 1.0, 1.0, 1.0, 1.0, 1.0, 1.0, 1.0, 1.0, 1.0, 1.0, 1.0, 1.0, 1.0, 1.0, 1.0, 1.0, 1.0, 1.0, 1.0, 1.0, 1.0, 1.0, 1.0, 1.0, 1.0, 1.0, 1.0, 1.0, 1.0, 1.0, 1.0, 1.0, 1.0, 1.0, 1.0, 1.0, 1.0, 1.0, 1.0, 1.0, 1.0, 1.0, 1.0, 1.0, 1.0, 1.0, 1.0, 1.0, 1.0, 1.0, 1.0, 1.0, 1.0, 1.0, 1.0, 1.0, 1.0, 1.0, 1.0, 1.0, 1.0, 1.0, 1.0, 1.0, 1.0, 1.0, 1.0, 1.0, 1.0, 1.0, 1.0, 1.0, 1.0, 1.0, 1.0, 1.0, 1.0, 1.0, 1.0, 1.0, 1.0, 1.0, 1.0, 1.0, 1.0, 1.0, 1.0, 1.0, 1.0, 1.0, 1.0, 1.0, 1.0, 1.0, 1.0, 1.0, 1.0, 1.0, 1.0, 1.0, 1.0, 1.0, 1.0, 1.0, 1.0, 1.0, 1.0, 1.0, 1.0, 1.0, 1.0, 1.0, 1.0, 1.0, 1.0, 1.0, 1.0, 1.0, 1.0, 1.0, 1.0, 1.0, 1.0, 1.0, 1.0, 1.0, 1.0, 1.0, 1.0, 1.0, 1.0, 1.0, 1.0, 1.0, 1.0, 1.0, 1.0, 1.0, 1.0, 1.0, 1.0, 1.0, 1.0, 1.0, 1.0, 1.0, 1.0, 1.0, 1.0, 1.0, 1.0, 1.0, 1.0, 1.0, 1.0, 1.0, 1.0, 1.0, 1.0, 1.0, 1.0, 1.0, 1.0, 1.0, 1.0, 1.0, 1.0, 1.0, 1.0, 1.0, 1.0, 1.0, 1.0, 1.0, 1.0, 1.0, 1.0, 1.0, 1.0, 1.0, 1.0, 1.0, 1.0, 1.0, 1.0, 1.0, 1.0, 1.0, 1.0, 1.0, 1.0, 1.0, 1.0, 1.0, 1.0, 1.0, 1.0, 1.0, 1.0, 1.0, 1.0, 1.0, 1.0, 1.0, 1.0, 1.0, 1.0, 1.0, 1.0, 1.0, 1.0, 1.0, 1.0, 1.0, 1.0, 1.0, 1.0, 1.0, 1.0, 1.0, 1.0, 1.0, 1.0, 1.0, 1.0, 1.0, 1.0, 1.0, 1.0, 1.0, 1.0, 1.0, 1.0, 1.0, 1.0, 1.0, 1.0, 1.0, 1.0, 1.0, 1.0, 1.0, 1.0, 1.0, 1.0, 1.0, 1.0, 1.0, 1.0, 1.0, 1.0, 1.0, 1.0, 1.0, 1.0, 1.0, 1.0, 1.0, 1.0, 1.0, 1.0, 1.0, 1.0, 1.0, 1.0, 1.0, 1.0, 1.0, 1.0, 1.0, 1.0, 1.0, 1.0, 1.0, 1.0, 1.0, 1.0, 1.0, 1.0, 1.0, 1.0, 1.0, 1.0, 1.0, 1.0, 1.0, 1.0, 1.0, 1.0, 1.0, 1.0, 1.0, 1.0, 1.0, 1.0, 1.0, 1.0, 1.0, 1.0, 1.0, 1.0, 1.0, 1.0, 1.0, 1.0, 1.0, 1.0, 1.0, 1.0, 1.0, 1.0, 1.0, 1.0, 1.0, 1.0, 1.0, 1.0, 1.0, 1.0, 1.0, 1.0, 1.0, 1.0, 1.0, 1.0, 1.0, 1.0, 1.0, 1.0, 1.0, 1.0, 1.0, 1.0, 1.0, 1.0, 1.0, 1.0, 1.0, 1.0, 1.0, 1.0, 1.0, 1.0, 1.0, 1.0, 1.0, 1.0, 1.0, 1.0, 1.0, 1.0, 1.0, 1.0, 1.0, 1.0, 1.0, 1.0, 1.0, 1.0, 1.0, 1.0, 1.0, 1.0, 1.0, 1.0, 1.0, 1.0, 1.0, 1.0, 1.0, 1.0, 1.0, 1.0, 1.0, 1.0, 1.0, 1.0, 1.0, 1.0, 1.0, 1.0, 1.0, 1.0, 1.0, 1.0, 1.0, 1.0, 1.0, 1.0, 1.0, 1.0, 1.0, 1.0, 1.0, 1.0, 1.0, 1.0, 1.0, 1.0, 1.0, 1.0, 1.0, 1.0, 1.0, 1.0, 1.0, 1.0, 1.0, 1.0, 1.0, 1.0, 1.0, 1.0, 1.0, 1.0, 1.0, 1.0, 1.0, 1.0, 1.0, 1.0, 1.0, 1.0, 1.0, 1.0, 1.0, 1.0, 1.0, 1.0, 1.0, 1.0, 1.0, 1.0, 1.0, 1.0, 1.0, 1.0, 1.0, 1.0, 1.0, 1.0, 1.0, 1.0, 1.0, 1.0, 1.0, 1.0, 1.0, 1.0, 1.0, 1.0, 1.0, 1.0, 1.0, 1.0, 1.0, 1.0, 1.0, 1.0, 1.0, 1.0, 1.0, 1.0, 1.0, 1.0, 1.0, 1.0, 1.0, 1.0, 1.0, 1.0, 1.0, 1.0, 1.0, 1.0, 1.0, 1.0, 1.0]
	avg_number_of_wins: 351470.0
	avg_number_of_losses: 148530.0
	avg_learning_wins: 164.0
	avg_learning_wins: 164.0
	avg_num_of_correct_play: 0.8256
	winning rate: 0.7029
	winning rate with exploration rate 0: 0.82
